06 07 08 09 21 48 1102
13 21 27 34 35 36 1101
01 08 12 14 40 41 1100
12 14 16 33 36 47 1099
03 06 18 20 25 48 1098
04 21 28 32 37 42 1097
03 11 28 32 33 35 1096
25 29 40 41 47 49 1095
16 31 32 33 35 44 1094
09 17 21 24 30 35 1093
10 19 23 26 32 39 1092
11 17 22 27 30 46 1091
06 13 30 33 34 35 1090
14 31 38 41 42 45 1089
15 20 29 31 32 44 1088
01 11 13 21 27 37 1087
10 25 35 39 40 46 1086
01 07 23 25 37 40 1085
02 09 27 30 44 46 1084
04 24 34 35 38 46 1083
11 12 15 18 20 37 1082
08 09 15 40 44 48 1081
05 08 24 26 35 44 1080
01 03 04 09 12 17 1079
01 14 17 27 28 45 1078
08 24 35 37 41 47 1077
18 22 29 30 46 47 1076
09 18 23 35 36 47 1075
19 23 25 30 42 47 1074
08 18 26 31 46 47 1073
12 26 28 35 39 40 1072
02 08 27 40 41 47 1071
13 15 16 20 40 43 1070
06 18 26 30 37 38 1069
08 26 35 37 40 43 1068
13 17 18 24 28 32 1067
03 05 09 12 13 46 1066
11 12 23 28 40 48 1065
06 19 20 26 32 47 1064
10 19 20 24 33 48 1063
06 15 21 22 31 44 1062
05 11 12 21 22 28 1061
08 12 19 32 42 46 1060
01 02 16 17 27 30 1059
03 13 14 19 24 45 1058
06 09 13 19 36 37 1057
17 23 27 38 48 49 1056
09 22 44 45 48 49 1055
01 02 05 07 26 30 1054
01 04 20 29 41 45 1053
12 15 22 38 43 44 1052
13 15 20 26 29 36 1051
02 11 21 41 45 49 1050
07 17 19 30 32 37 1049
01 07 21 25 35 36 1048
11 18 20 21 35 37 1047
05 27 29 36 40 42 1046
02 12 16 31 39 43 1045
09 21 24 33 36 43 1044
08 09 14 17 25 45 1043
01 04 09 14 22 28 1042
10 16 26 28 41 48 1041
06 11 27 34 42 49 1040
04 06 08 10 15 36 1039
08 10 17 38 44 49 1038
02 08 13 19 30 31 1037
01 10 11 15 20 21 1036
08 09 11 24 40 47 1035
15 16 33 35 36 46 1034
02 04 18 31 36 43 1033
03 12 22 23 29 46 1032
01 03 28 30 33 39 1031
03 12 27 29 37 46 1030
06 16 26 31 36 46 1029
01 04 21 30 39 42 1028
03 08 10 11 35 36 1027
07 08 16 23 32 39 1026
09 11 17 39 40 43 1025
08 13 16 20 22 28 1024
02 10 32 37 46 49 1023
04 06 07 11 26 31 1022
07 12 18 25 28 48 1021
01 04 14 17 23 46 1020
01 12 18 19 38 46 1019
07 09 15 23 34 35 1018
06 12 19 28 39 47 1017
01 08 17 19 40 46 1016
12 16 26 27 28 45 1015
01 10 14 34 42 47 1014
06 07 14 33 36 48 1013
11 13 22 29 39 48 1012
02 21 24 27 36 46 1011
05 08 11 14 15 36 1010
05 11 12 14 31 35 1009
05 07 16 28 31 49 1008
04 17 24 27 29 40 1007
12 14 16 34 37 48 1006
03 04 12 13 24 30 1005
01 04 17 27 32 48 1004
07 27 43 44 45 46 1003
06 15 16 22 43 45 1002
08 17 21 34 39 45 1001
04 17 24 27 35 49 1000
03 05 09 15 30 49 999
10 13 16 29 31 37 998
15 24 29 34 47 48 997
19 24 28 29 41 43 996
11 14 28 39 40 45 995
01 05 18 21 40 44 994
22 26 31 42 44 49 993
07 18 26 28 34 38 992
10 29 35 39 41 44 991
04 11 25 36 41 43 990
04 16 22 32 35 47 989
16 20 34 42 46 49 988
03 14 29 33 39 48 987
14 19 34 43 46 47 986
03 06 10 33 39 44 985
07 10 16 17 30 43 984
10 27 28 31 37 41 983
24 29 35 39 42 49 982
05 10 16 22 23 24 981
01 06 07 27 30 39 980
02 17 25 32 39 43 979
09 11 14 25 33 35 978
01 04 08 22 32 45 977
10 30 32 37 46 47 976
15 17 19 30 40 47 975
12 15 29 31 36 45 974
03 36 37 40 42 48 973
06 18 40 43 45 48 972
01 03 18 22 29 32 971
07 16 35 45 47 48 970
04 07 13 17 21 35 969
11 15 20 23 26 35 968
02 03 08 15 24 46 967
01 09 20 28 39 42 966
05 07 13 23 24 30 965
01 12 25 37 39 40 964
05 13 23 37 43 44 963
16 20 35 46 47 49 962
12 13 16 29 44 45 961
05 24 30 35 36 38 960
01 26 34 35 36 37 959
08 15 21 30 36 39 958
07 09 17 25 28 35 957
07 23 24 28 32 40 956
02 08 17 30 34 40 955
03 13 19 24 27 38 954
06 16 40 45 46 48 953
09 10 12 21 31 35 952
05 11 17 22 30 34 951
04 11 22 26 38 47 950
08 15 19 25 30 38 949
01 26 28 37 39 46 948
03 07 31 32 34 43 947  
02 04 11 18 48 49 946
02 14 23 25 31 47 945
22 27 30 33 37 46 944
02 08 32 34 44 46 943
01 10 24 33 44 48 942
05 06 14 19 27 33 941
01 07 24 31 35 47 940
03 04 22 32 33 49 939
05 14 18 28 37 42 938
12 18 25 32 41 47 937
13 17 22 25 31 48 936
05 07 10 15 19 44 935
08 11 17 21 28 49 934
05 12 14 22 38 44 933
08 11 13 19 23 28 932
02 23 29 30 41 43 931
05 18 26 31 37 43 930
05 09 13 18 19 31 929
02 03 04 14 18 46 928
06 20 23 24 27 34 927
17 18 32 33 41 42 926
02 11 14 22 25 31 925
09 25 31 37 38 45 924
08 13 41 42 47 48 923
04 18 24 36 37 38 922
10 14 20 25 36 46 921
01 17 20 28 32 41 920
02 07 19 20 25 46 919
13 25 27 39 45 49 918
02 03 28 35 44 45 917
05 11 12 30 43 48 916
08 15 18 30 31 41 915
09 17 18 33 44 47 914
01 03 07 09 28 40 913
04 06 22 41 42 47 912
18 19 34 35 45 49 911
22 29 30 36 37 42 910
12 13 18 39 44 48 909
20 31 32 33 37 38 908
03 04 21 30 31 48 907
07 17 19 24 30 44 906
10 21 32 36 40 48 905
18 28 31 34 36 45 904
01 03 06 30 38 41 903
07 34 35 42 43 47 902
06 29 40 44 46 47 901
07 38 39 43 47 48 900
02 19 27 31 38 49 899
01 03 14 24 26 45 898
12 23 28 29 43 47 897
13 14 18 27 29 44 896
01 24 28 33 43 44 895
05 07 09 22 27 34 894
05 11 21 11 37 39 893
11 14 22 34 41 44 892
17 19 22 25 30 37 891
08 15 28 35 41 46 890
03 16 26 28 31 41 889
04 11 18 19 27 31 888
11 18 21 34 41 49 887
09 11 30 36 39 45 886
01 06 07 12 16 41 885
06 24 28 36 38 44 884
01 05 17 19 26 46 883
09 15 23 38 47 49 882
03 21 29 33 35 40 881
01 09 24 45 46 49 880
11 13 16 35 40 49 879
04 18 31 34 39 44 878
05 22 38 43 46 49 877
01 17 22 26 33 40 876
01 08 13 18 28 49 875
13 23 25 31 39 46 874
01 30 35 44 47 49 873
10 22 29 30 33 37 872
06 23 24 25 29 30 871
04 11 17 23 31 39 870
05 07 21 22 31 43 869
13 22 24 35 40 45 868
09 14 19 21 39 47 867
02 03 25 44 45 48 866
19 23 25 26 31 43 865
01 04 09 20 25 35 864
06 19 27 31 33 42 863
04 05 14 36 37 40 862
08 22 23 39 44 47 861
01 20 21 28 36 38 860
16 18 23 27 28 29 859
22 31 36 37 43 44 858
04 05 07 13 26 46 857
26 27 28 30 31 43 856
06 24 46 47 48 49 855
10 21 41 44 45 48 854
02 05 17 20 25 48 853
02 06 15 21 31 45 852
02 30 32 36 43 47 851
02 06 13 15 17 43 850
02 21 32 39 42 46 849
14 15 26 30 38 44 848
02 11 19 21 33 45 847
05 16 19 29 41 43 846
07 22 27 33 39 41 845
05 08 20 32 34 35 844
01 11 14 15 19 33 843
03 20 21 22 34 40 842
08 21 29 38 44 45 841
10 12 22 30 39 44 840
04 10 22 35 42 46 839
22 36 42 43 46 48 838
03 21 23 27 45 47 837
10 14 23 35 41 46 836
09 19 26 34 38 40 835
12 13 15 28 30 37 834
01 08 23 24 30 32 833
06 17 27 31 40 48 832
05 07 09 26 27 34 831
10 31 35 36 41 44 830
02 23 30 36 44 48 829
10 37 38 39 40 45 828
03 13 14 18 22 38 827
23 27 31 37 39 45 826
01 07 11 14 35 36 825
08 10 27 30 36 43 824
16 21 37 40 41 46 823
10 11 12 15 16 45 822
12 19 21 35 42 46 821
04 19 20 29 32 36 820
02 11 22 35 39 40 819
02 07 08 14 21 38 818
04 07 13 14 21 29 817
05 15 24 27 33 36 816
02 05 24 28 33 44 815
20 33 34 35 41 43 814
04 08 19 32 44 46 813
07 08 21 23 26 39 812
02 06 18 33 34 43 811
01 06 13 16 30 33 810
02 08 15 26 29 49 809
10 11 24 34 44 48 808
03 09 23 26 31 42 807
14 16 23 27 28 44 806
02 25 27 28 34 37 805
15 23 28 30 36 48 804
02 08 11 38 41 48 803
01 08 12 15 36 47 802
02 09 23 29 38 41 801
02 05 22 24 30 35 800
10 12 26 36 37 48 799
10 31 32 33 43 45 798
05 23 29 32 36 42 797
13 18 30 32 41 48 796
26 30 37 38 42 43 795
02 12 14 22 40 45 794
25 27 33 38 40 49 793
03 20 24 25 28 49 792
17 24 27 28 42 45 791
06 19 28 37 38 46 790
02 08 13 29 35 36 789
04 05 06 08 22 38 788
02 17 20 37 47 49 787
17 23 27 30 43 49 786
08 24 31 35 37 41 785
16 18 35 37 43 47 784
01 02 15 18 28 32 783
09 23 25 31 44 49 782
11 13 15 23 27 33 781
11 19 21 27 38 39 780
01 10 13 40 42 46 779
01 02 19 31 47 48 778
05 17 21 31 33 48 777
06 10 19 29 37 41 776
03 08 22 27 31 39 775
08 12 13 15 35 46 774
05 09 15 32 38 43 773
05 10 24 32 43 48 772
01 16 19 24 25 26 771
02 33 34 42 44 47 770
01 03 11 15 26 48 769
16 19 21 29 36 42 768
05 12 25 35 38 42 767
06 22 23 24 36 44 766
10 15 18 24 28 43 765
01 07 16 17 22 23 764
20 37 39 40 41 45 763
04 21 22 26 36 46 762
22 35 37 41 46 47 761
15 28 37 38 42 47 760
04 06 14 24 29 33 759
09 10 23 29 37 38 758
08 10 20 24 28 29 757
14 20 30 32 35 43 756
04 10 12 18 22 40 755
01 18 35 39 43 48 754
06 08 20 24 36 47 753
03 15 23 30 36 37 752
04 19 28 29 30 41 751
05 11 13 21 22 42 750
01 06 24 25 32 47 749
12 16 18 22 23 27 748
03 08 14 27 31 48 747
02 03 20 28 36 44 746
13 15 20 32 35 39 745
14 20 23 26 37 38 744
09 12 15 24 33 35 743
03 04 07 34 36 45 742
05 06 23 31 39 41 741
10 33 41 42 47 49 740
01 06 17 25 40 42 739
03 04 13 18 24 42 738
12 13 17 21 31 39 737
02 32 36 37 39 43 736
15 38 40 42 46 47 735
16 17 20 32 39 45 734
07 10 11 12 14 20 733
11 13 34 35 47 49 732
14 19 23 35 37 47 731
04 09 27 36 38 39 730
02 13 17 27 31 36 729
16 27 39 43 48 49 728
01 12 23 35 38 45 727
09 25 28 30 35 41 726
15 16 17 20 32 41 725
01 17 22 26 29 33 724
21 22 30 37 38 49 723
17 23 33 38 43 48 722
07 08 24 34 36 38 721
18 22 23 35 44 49 720
02 03 26 30 32 48 719
03 06 40 43 44 45 718
02 07 10 12 15 43 717
03 10 23 36 37 39 716
05 07 21 30 31 36 715
05 08 13 16 28 47 714
04 05 21 34 36 39 713
04 13 19 26 27 28 712
03 14 22 35 43 44 711
01 04 08 13 18 49 710
12 21 27 35 36 37 709
01 11 20 28 30 46 708
08 09 10 20 31 40 707
03 11 14 39 41 48 706
14 16 21 32 35 43 705
08 12 23 37 38 48 704
03 04 19 22 32 40 703
02 08 29 36 42 44 702
01 22 35 38 39 45 701
12 13 24 34 35 39 700
01 02 19 22 26 44 699
10 14 18 41 42 49 698
03 04 08 16 41 43 697
05 07 18 20 38 47 696
04 07 20 23 31 43 695
08 14 27 30 42 47 694
06 08 30 45 47 48 693
08 21 28 33 38 44 692
06 14 18 19 20 42 691
02 13 22 30 36 48 690
03 24 25 28 38 40 689
10 19 21 22 28 47 688
03 13 15 25 29 49 687
08 11 12 14 23 36 686
03 15 33 38 44 49 685
08 15 22 42 43 49 684
05 22 23 27 29 43 683
16 17 18 20 32 45 682
02 05 08 15 31 34 681
11 24 25 32 33 35 680
05 11 21 25 43 48 679
07 10 20 23 32 45 678
01 04 11 18 20 48 677
11 24 27 39 46 47 676
09 15 26 28 36 42 675
02 05 15 20 26 48 674
02 04 17 20 27 44 673
01 20 21 27 42 43 672
08 24 25 40 42 46 671
11 15 27 28 37 39 670
02 05 15 28 35 40 669
03 18 19 20 26 43 668
01 20 30 32 34 43 667
04 12 16 27 44 47 666
03 06 14 27 28 33 665
03 06 16 21 28 47 664
11 13 29 33 42 45 663
19 23 28 32 38 49 662
04 15 23 32 34 35 661
08 35 36 37 39 44 660
12 14 16 34 35 48 659
03 04 30 45 47 49 658
02 07 21 23 32 41 657
01 24 30 31 34 40 656
12 14 34 42 46 49 655
04 05 29 36 40 49 654
09 23 27 28 31 41 653
01 06 16 21 41 48 652
16 37 41 46 47 49 651
09 17 19 23 35 36 650
11 22 28 35 37 48 649
05 08 18 22 29 49 648
26 36 37 39 41 46 647
18 19 23 31 35 38 646
05 07 12 14 16 36 645
03 15 21 22 35 38 644
02 03 09 33 34 38 643
05 06 22 32 34 47 642
05 19 23 40 45 48 641
12 14 27 30 37 43 640
05 26 29 36 43 49 639
01 14 23 31 32 40 638
09 13 32 34 35 45 637
01 05 14 19 33 36 636
09 15 18 21 27 41 635
16 18 29 34 44 49 634
25 26 28 33 39 40 633
03 23 24 31 32 46 632
13 24 25 32 35 45 631
04 07 26 41 47 49 630
01 23 34 36 46 48 629
01 08 19 21 43 45 628
11 18 24 32 38 40 627
02 16 20 22 23 27 626
12 21 25 29 42 48 625
09 12 22 30 42 47 624
10 11 14 24 27 47 623
03 16 32 42 43 45 622
04 35 38 43 44 48 621
12 15 20 29 36 48 620
04 16 19 27 32 39 619
02 03 13 19 22 39 618
11 23 27 29 38 49 617
01 05 06 15 19 26 616
02 07 13 23 27 40 615
05 13 15 20 26 31 614
01 04 08 10 34 49 613
13 25 32 33 38 47 612
02 07 22 25 26 42 611
01 02 10 44 45 46 610
05 13 20 26 29 34 609
04 08 12 20 37 39 608
02 12 28 32 42 46 607
05 06 18 19 21 34 606
01 11 12 14 41 46 605
13 15 20 29 30 43 604
05 13 28 40 44 49 603
10 14 17 33 40 41 602
09 14 15 22 26 33 601
09 15 25 28 30 35 600
17 27 32 37 45 47 599
01 09 13 16 33 37 598
03 04 08 12 21 42 597
02 04 08 09 26 38 596
02 04 26 36 43 48 595
10 16 18 31 33 48 594
08 11 12 15 19 20 593
05 28 31 36 40 49 592
07 08 12 19 26 36 591
12 23 39 44 45 48 590
01 07 09 15 21 38 589
11 13 32 37 42 43 588
11 12 18 31 46 47 587
04 08 15 26 39 49 586
03 24 27 28 30 46 585
01 02 15 26 31 49 584
02 21 23 27 44 48 583
04 07 09 10 24 42 582
02 10 13 15 25 49 581
01 03 07 22 40 47 580
05 17 27 28 39 48 579
09 11 13 16 38 42 578
04 05 15 37 41 44 577
03 08 21 26 30 46 576
02 25 31 37 39 47 575
17 19 32 40 41 47 574
04 07 09 21 26 34 573
06 12 33 38 43 45 572
06 21 22 29 43 49 571
02 12 19 23 40 42 570
03 05 08 10 25 30 569
12 13 32 41 43 44 568
26 27 35 36 44 49 567
06 23 27 42 44 49 566
11 12 20 28 34 46 565
21 29 30 34 36 45 564
03 08 33 39 41 48 563
01 02 16 18 32 40 562
11 31 32 38 46 48 561
05 07 14 15 18 45 560
01 03 20 26 39 44 559
03 15 19 22 24 31 558
12 15 37 42 45 47 557
03 05 21 26 38 43 556
05 18 29 30 39 43 555
13 20 21 24 42 49 554
11 16 23 27 36 39 553
16 18 21 22 24 38 552
02 08 20 23 45 48 551
08 09 25 36 40 44 550
03 12 24 31 43 46 549
06 33 36 42 44 45 548
13 16 23 25 31 47 547
01 02 18 28 34 40 546
02 07 18 21 25 29 545
02 07 09 11 18 31 544
01 05 18 23 29 35 543
09 24 32 45 46 47 542
09 13 26 28 36 38 541
06 13 21 26 31 32 540
07 14 26 28 34 45 539
13 17 19 26 34 36 538
04 11 23 25 38 46 537
01 13 24 34 40 49 536
05 16 21 22 36 43 535
02 03 07 24 42 45 534
09 12 18 30 46 48 533
04 07 10 21 27 32 532
03 10 14 23 42 43 531
02 05 10 23 39 41 530
13 14 27 32 35 38 529
10 11 21 28 38 40 528
07 21 22 23 40 43 527
08 24 25 26 33 40 526
04 11 18 33 47 48 525
04 15 27 30 37 45 524
04 15 20 21 29 33 523
02 06 23 26 35 38 522
03 09 25 26 36 39 521
08 15 18 33 37 40 520
02 07 23 25 39 45 519
03 10 15 30 38 45 518
14 25 26 35 39 40 517
02 28 34 36 39 42 516
01 05 06 16 26 41 515
02 03 08 31 40 44 514
07 21 29 30 37 49 513
01 05 07 16 17 41 512
04 15 26 39 46 49 511
16 17 21 28 30 37 510
14 17 20 29 34 39 509
07 15 23 35 36 43 508
11 13 33 34 39 45 507
15 25 30 33 40 46 506
11 13 19 20 32 40 505
01 03 09 11 19 47 504
02 07 12 14 36 41 503
05 06 08 09 14 49 502
02 04 07 08 18 30 501
05 11 15 19 28 36 500
08 28 30 43 44 46 499
13 14 20 24 41 47 498
01 20 28 29 33 34 497
18 19 37 41 45 48 496
01 07 09 13 22 27 495
15 29 30 36 41 42 494
02 09 20 22 29 35 493
02 13 23 28 35 48 492
02 25 31 32 44 46 491
01 09 16 18 34 37 490
10 23 27 28 35 46 489
02 03 14 22 32 33 488
02 03 10 21 25 34 487
02 24 25 26 28 46 486
02 04 06 18 23 24 485
04 05 08 26 31 37 484
02 16 25 35 39 43 483
08 14 23 24 43 44 482
16 22 24 33 43 49 481
08 16 20 33 35 49 480
05 10 29 41 44 45 479
07 11 18 22 37 38 478
16 39 41 42 43 45 477
07 19 25 29 35 43 476
01 17 25 29 30 33 475
04 06 09 15 20 38 474
06 16 21 36 37 45 473
07 21 22 23 34 36 472
14 23 32 33 36 42 471
06 10 17 21 43 49 470
15 20 24 35 43 48 469
01 02 09 10 38 41 468
02 07 08 20 33 43 467
03 20 21 24 28 39 466
01 07 15 32 40 41 465
07 08 20 21 31 39 464
14 19 20 22 34 39 463
01 20 22 31 40 42 462
01 20 24 27 29 31 461
08 11 12 20 32 42 460
04 07 15 24 41 49 459
02 10 11 29 37 44 458
08 14 17 42 45 47 457
03 07 21 22 26 40 456
11 31 37 38 41 47 455
15 17 23 36 43 48 454
09 10 15 23 46 48 453
11 13 14 33 39 45 452
02 03 11 32 35 42 451
04 15 20 45 47 48 450
10 15 31 36 44 49 449
04 13 25 35 38 43 448
13 20 32 33 43 47 447
05 06 23 25 28 42 446
11 23 29 32 37 39 445
13 23 28 30 38 44 444
08 16 24 25 32 33 443
01 08 09 12 19 26 442
02 03 05 13 33 49 441
11 14 27 32 34 49 440
01 09 27 33 38 49 439
03 21 30 34 44 49 438
07 08 21 30 36 44 437
12 25 28 40 41 42 436
01 15 22 25 38 47 435
01 07 09 10 18 27 434
06 16 33 37 40 47 433
01 03 07 12 30 43 432
16 22 26 31 39 43 431
01 22 31 41 42 46 430
05 12 19 22 25 27 429
01 03 06 07 15 27 428
17 29 30 33 35 42 427
01 02 06 18 20 38 426
21 34 38 41 42 49 425
01 04 15 20 24 40 424
09 13 14 26 30 37 423
06 08 18 25 26 36 422
05 08 10 31 32 41 421
03 07 08 27 37 49 420
03 07 12 17 28 44 419
05 13 29 31 39 40 418
13 18 27 43 47 48 417
10 12 16 18 22 29 416
05 06 09 18 31 37 415
15 19 20 22 28 44 414
04 07 13 19 23 49 413
01 17 26 27 34 39 412
10 15 16 20 27 43 411
08 10 17 28 32 34 410
01 16 31 38 43 44 409
08 15 16 19 30 45 408
08 12 16 34 36 47 407
01 22 23 43 46 49 406
01 16 17 20 22 42 405
16 20 22 39 42 46 404
03 05 16 17 32 37 403
01 02 06 12 18 24 402
01 10 27 40 43 44 401
04 10 28 44 45 48 400
01 04 09 17 19 41 399
03 11 13 16 21 36 398
10 25 29 34 47 49 397
15 17 22 28 36 46 396
05 07 11 18 38 40 395
09 20 23 26 28 37 394
09 36 38 40 46 47 393
03 10 19 26 29 48 392
03 04 08 09 24 49 391
08 09 16 17 19 30 390
08 10 12 28 38 42 389
01 16 24 31 35 39 388
20 25 29 31 37 46 387
02 15 22 27 45 48 386
03 14 18 22 28 36 385
03 05 22 32 42 49 384
09 17 18 21 42 48 383
23 31 35 40 41 44 382
02 11 22 29 34 39 381
04 06 07 12 25 47 380
16 24 25 38 42 46 379
02 12 31 35 43 47 378
02 05 12 25 26 38 377
11 22 27 29 35 40 376
01 05 18 25 35 41 375
02 12 15 27 38 40 374
01 06 07 25 39 41 373
13 21 32 39 42 46 372
01 07 12 22 29 31 371
02 05 10 19 23 25 370
15 29 37 39 48 49 369
05 10 13 18 34 35 368
02 29 34 40 44 45 367
09 12 23 36 44 48 366
01 05 09 21 24 49 365
09 23 26 28 29 44 364
18 24 37 38 43 47 363
13 32 35 39 41 42 362
20 28 33 41 43 45 361
11 17 28 34 36 46 360
03 05 20 38 39 44 359
01 02 11 26 28 46 358
01 16 23 25 36 47 357
07 08 11 25 34 43 356
10 15 18 43 45 48 355
02 11 13 25 34 36 354
01 18 30 32 41 48 353
11 12 27 41 43 46 352
13 31 35 40 47 48 351
10 13 21 26 29 47 350
01 16 27 28 41 46 349
06 22 34 38 40 44 348
21 24 28 34 45 49 347
09 10 29 32 38 42 346
08 20 22 25 38 40 345
09 15 16 19 44 49 344
08 31 40 44 45 48 343
05 15 23 28 31 33 342
02 04 06 20 42 47 341
10 18 22 34 35 37 340
04 10 39 43 45 49 339
14 31 33 40 45 46 338
04 11 21 39 42 43 337
05 06 17 19 20 32 336
14 15 25 37 47 49 335
28 35 36 38 43 49 334
04 13 22 24 26 41 333
12 14 20 21 23 31 332
02 15 16 31 33 46 331
12 15 24 32 39 49 330
06 22 36 39 48 49 329
05 13 25 30 39 48 328
01 13 19 33 38 45 327
18 19 27 34 44 48 326
02 08 25 39 43 46 325
07 28 30 41 45 48 324
12 16 26 32 41 48 323
07 08 10 12 47 48 322
06 18 26 39 42 45 321
08 13 18 26 34 36 320
06 07 15 31 36 44 319
06 26 27 44 45 46 318
13 28 33 38 43 48 317
10 16 26 28 31 33 316
26 28 35 39 44 45 315
12 19 23 42 44 48 314
13 21 23 27 31 49 313
01 04 07 08 25 31 312
06 13 24 31 32 49 311
16 32 42 45 46 49 310
12 19 30 32 34 36 309
02 04 08 27 33 48 308
16 18 37 38 45 46 307
05 27 28 30 35 42 306
14 26 28 35 41 45 305
03 06 07 14 16 43 304
14 19 31 37 42 45 303
01 23 34 37 43 45 302
06 07 11 19 47 48 301
02 17 28 29 38 49 300
05 17 29 34 38 47 299
12 14 20 22 37 40 298
05 18 20 33 38 40 297
06 30 34 45 46 48 296
06 08 29 39 46 49 295
05 07 11 19 36 42 294
01 04 05 15 18 42 293
09 10 12 25 33 38 292
08 13 16 41 43 46 291
09 17 23 26 30 41 290
01 17 21 35 36 46 289
07 15 20 32 36 44 288
06 07 23 31 33 36 287
08 19 30 33 37 43 286
02 06 08 25 30 45 285
06 13 20 21 33 40 284
01 09 21 39 40 41 283
01 10 37 39 43 44 282
02 08 11 14 15 21 281
11 12 15 28 43 48 280
02 05 27 30 33 48 279
05 06 25 33 38 49 278
17 24 34 38 42 49 277
10 11 14 17 24 45 276
16 20 24 30 38 40 275
18 23 25 28 35 36 274
06 10 19 27 32 41 273
03 09 16 40 43 48 272
04 08 12 20 22 39 271
03 20 21 42 44 46 270
12 28 29 35 37 42 269
04 36 37 42 45 46 268
14 16 25 27 42 49 267
07 30 37 41 43 49 266
11 20 31 34 36 38 265
06 16 24 34 42 43 264
01 06 09 16 42 44 263
14 23 24 41 44 47 262
08 09 14 19 20 33 261
11 15 17 21 23 31 260
01 20 29 30 35 39 259
01 18 31 39 41 47 258
03 08 14 18 19 43 257
01 25 35 37 44 46 256
08 11 12 32 38 45 255
03 04 15 23 26 47 254
04 12 15 37 41 42 253
04 11 34 35 45 48 252
02 09 15 16 22 49 251
01 15 20 37 47 48 250
11 20 31 38 42 46 249
01 23 28 46 47 49 248
08 20 35 36 45 46 247
02 12 19 26 34 46 246
05 08 18 26 38 42 245
02 03 19 26 27 41 244
03 16 24 25 40 43 243
09 12 30 33 42 49 242
03 09 19 40 44 49 241
09 13 15 27 34 42 240
04 06 14 16 20 41 239
01 23 25 37 39 45 238
08 10 16 22 37 38 237
05 23 36 38 40 42 236
06 10 11 32 34 39 235
12 17 26 31 35 48 234
05 08 09 15 29 45 233
07 23 28 29 38 46 232
12 28 30 40 47 49 231
03 09 18 42 45 46 230
04 21 25 35 39 42 229
06 13 15 17 18 22 228
05 07 09 15 31 34 227
05 08 24 31 32 39 226
09 17 18 27 36 42 225
07 12 16 17 19 33 224
02 14 18 21 37 43 223
05 06 18 23 26 29 222
03 15 21 23 26 49 221
12 21 34 37 38 39 220
11 15 18 25 29 49 219
02 08 12 20 26 33 218
04 05 13 26 32 42 217
10 29 30 32 43 47 216
01 11 16 21 23 40 215
03 11 18 20 21 26 214
04 12 15 19 26 31 213
07 11 22 24 28 30 212
08 20 22 39 45 46 211
18 23 26 38 39 48 210
06 15 22 25 35 41 209
06 07 10 13 31 39 208
01 02 07 08 27 45 207
12 22 24 26 27 47 206
03 20 21 22 26 27 205
07 16 32 39 45 49 204
26 28 29 30 36 37 203
13 18 26 28 35 48 202
25 31 34 40 41 47 201
07 30 38 39 40 43 200
02 14 23 25 26 40 199
09 11 30 41 47 49 198
07 13 23 33 34 42 197
02 03 04 17 27 39 196
02 13 29 39 44 49 195
04 07 19 30 36 46 194
16 17 23 32 42 48 193
06 08 17 19 30 47 192
05 10 22 26 31 48 191
06 08 23 26 28 36 190
07 08 17 22 27 44 189
11 13 14 21 42 47 188
27 30 35 39 43 47 187
03 11 26 43 46 48 186
06 11 23 29 45 49 185
02 08 24 28 31 48 184
03 15 16 25 40 48 183
01 08 19 23 38 40 182
04 18 26 37 41 44 181
02 11 35 37 48 49 180
03 26 29 38 43 45 179
04 15 23 41 44 45 178
04 24 28 30 35 39 177
03 10 11 36 37 45 176
05 08 22 26 27 44 175
06 12 20 43 47 48 174
09 10 36 40 42 43 173
02 04 06 21 25 46 172
17 18 23 24 25 28 171
03 08 11 36 38 49 170
13 15 33 37 38 41 169
09 20 22 31 45 46 168
24 28 37 38 43 45 167
09 20 26 29 40 41 166
02 13 16 36 44 47 165
09 14 24 27 37 41 164
05 12 25 27 41 44 163
11 22 26 28 33 37 162
07 11 13 25 30 40 161
03 22 31 43 46 47 160
01 11 14 18 35 43 159
06 12 21 27 36 48 158
02 15 17 31 32 38 157
02 04 05 09 35 45 156
10 17 22 37 43 49 155
04 10 18 34 40 43 154
04 20 22 28 47 48 153
08 12 16 25 28 45 152
09 14 25 31 36 46 151
04 06 13 22 30 44 150
03 04 09 10 28 45 149
04 15 21 30 41 46 148
04 08 11 15 16 25 147
03 09 16 18 41 48 146
02 08 09 10 21 31 145
02 04 14 24 27 46 144
01 06 11 37 41 44 143
15 28 29 31 32 47 142
01 02 07 09 16 29 141
05 14 18 34 44 47 140
01 03 29 35 43 47 139
04 05 15 20 29 39 138
01 16 25 34 36 38 137
04 05 22 33 36 43 136
11 20 40 41 45 49 135
18 20 25 36 48 49 134
02 06 09 24 27 45 133
05 15 23 29 31 44 132
05 15 28 29 33 40 131
20 22 28 38 41 47 130
01 02 09 25 28 44 129
07 10 23 44 45 47 128
02 05 06 19 38 45 127
07 10 12 22 30 34 126
05 12 19 21 33 42 125
01 03 16 31 42 48 124
01 06 16 34 36 40 123
25 28 31 32 34 36 122
14 21 25 27 43 47 121
02 04 36 41 42 48 120
06 11 21 22 35 41 119
12 14 21 23 25 30 118
05 07 24 26 30 47 117
19 26 28 33 38 46 116
11 31 41 44 47 49 115
07 08 19 30 43 48 114
02 17 31 35 37 46 113
03 25 39 44 45 48 112
14 17 30 31 36 47 111
01 23 26 27 33 41 110
07 14 16 38 45 49 109
01 02 15 21 31 35 108
01 03 14 17 36 49 107
06 23 39 45 46 47 106
05 10 27 37 39 46 105
03 18 33 34 43 45 104
01 08 16 22 24 30 103
03 05 18 23 40 45 102
03 04 13 26 39 42 101
02 12 18 22 34 36 100
05 15 24 37 38 39 99
16 28 35 44 46 48 98
02 08 11 12 26 35 97
05 16 23 28 38 47 96
04 12 23 30 35 48 95
03 04 09 10 27 31 94
02 14 27 28 44 49 93
07 11 20 38 39 45 92
08 11 14 17 23 33 91
09 12 17 28 40 43 90
12 24 25 27 34 36 89
23 26 31 33 36 38 88
01 10 25 28 38 49 87
10 12 13 24 31 40 86
06 13 30 34 38 44 85
03 10 20 21 24 48 84
10 21 23 25 38 42 83
04 23 36 39 45 47 82
01 07 10 32 42 45 81
03 06 19 22 31 32 80
12 15 21 23 25 35 79
07 13 15 20 22 47 78
26 27 40 41 42 43 77
01 15 16 33 35 48 76
05 06 08 09 10 43 75
07 19 26 37 38 46 74
08 10 11 21 23 44 73
07 13 14 20 21 49 72
12 25 26 31 36 42 71
09 16 18 32 41 47 70
04 22 28 29 44 47 69
14 31 34 37 42 48 68
13 29 31 38 45 46 67
10 22 31 32 41 48 66
05 06 11 16 19 42 65
11 16 27 33 34 40 64
05 17 19 26 28 43 63
13 14 21 24 27 30 62
03 11 19 21 40 42 61
20 31 33 40 42 46 60
01 15 28 38 41 42 59
11 15 24 27 37 46 58
02 03 07 26 30 49 57
02 05 32 38 42 49 56
03 04 08 25 36 42 55
04 05 07 13 24 30 54
07 19 27 31 42 46 53
06 10 11 16 29 44 52
12 17 19 22 27 42 51
11 17 29 36 44 49 50
06 09 11 17 22 36 49
05 11 30 34 44 48 48
05 12 41 43 45 46 47
02 10 16 22 30 33 46
06 15 25 37 41 49 45
01 04 31 32 34 35 44
01 17 30 31 32 45 43
06 22 27 34 42 44 42
01 16 17 30 36 49 41
06 28 30 34 43 46 40
02 04 18 20 32 49 39
04 10 11 14 32 36 38
03 04 10 23 25 26 37
06 27 40 44 45 47 36
03 09 13 28 40 48 35
01 10 13 33 34 46 34
22 25 29 31 34 46 33
03 11 19 20 22 28 32
13 17 19 26 39 45 31
13 14 20 30 37 45 30
24 25 26 30 36 48 29
05 14 26 38 41 43 28
16 24 25 26 39 44 27
03 07 42 45 46 49 26
11 13 15 21 35 38 25
11 17 21 36 43 49 24
02 12 14 30 41 46 23
06 16 20 25 33 46 22
01 02 07 26 38 43 21
08 14 21 22 30 31 20
08 12 17 18 19 34 19
12 15 22 23 41 48 18
01 11 17 25 41 45 17
08 12 23 24 45 46 16
03 06 17 23 28 32 15
04 21 25 32 37 43 14
07 13 18 19 25 37 13
01 02 26 31 39 40 12
14 17 20 25 43 48 11
17 22 26 29 37 43 10
04 06 11 22 42 48 9
22 29 34 36 44 46 8
02 06 13 34 40 44 7
13 28 29 32 33 34 6
14 15 20 29 32 39 5
18 19 28 29 30 34 4
02 04 25 26 34 43 3
16 21 27 30 31 47 2
06 09 12 13 33 39 1
