 5  9 13 15 23 29 41   21    0
 5 13 16 29 37 41 46   21    0
 3  9 28 29 35 41 44   21    0
 3  6 15 35 41 44 48   21    0
 3  6 15 35 41 44 46   21    0
 3  6 15 28 35 41 44   21    0
 3  6 10 15 35 41 44   21    1
 3 29 32 35 41 44 48   21    1
 3 15 21 28 35 41 44   21    0
 3 15 16 35 37 41 44   21    1
 3 10 15 35 41 44 46   21    1
13 15 18 29 32 44 48   21    1
 8  9 13 15 16 29 30   20    1
 8 16 29 32 42 43 44   20    0
 8 15 16 29 30 32 44   20    2
 8 15 16 27 29 30 32   20    1
 8 13 16 29 30 44 48   20    1
 8 13 15 16 29 35 48   20    0
 8 10 15 20 29 39 44   20    0
 7  8 13 16 29 30 39   20    1
 6  8 13 15 16 29 48   20    0
 5 15 25 30 35 41 44   20    0
 5 11 25 32 40 43 46   20    1
 5 11 15 29 40 41 43   20    0
 5 11 13 25 32 40 46   20    0
 3  9 10 28 35 41 44   20    2
 3  6  9 15 35 41 44   20    1
 3  6 15 29 35 41 46   20    0
 3  6 15 29 35 41 44   20    2
 3  6 15 18 35 41 44   20    0
 3  6 15 17 35 41 44   20    0
 3  5  6 15 35 41 44   20    0
 3  5 15 25 35 41 44   20    2
 3  5 15 25 30 41 44   20    0
 3 29 31 35 41 44 48   20    1
 3 22 29 35 41 44 48   20    0
 3 22 29 32 35 44 48   20    0
 3 22 27 32 35 44 48   20    0
 3 16 21 35 37 41 44   20    2
 3 15 30 35 41 44 48   20    2
 3 15 28 35 37 41 44   20    0
 3 15 28 29 35 41 44   20    2
 3 15 21 35 37 41 44   20    1
 3 15 21 27 35 41 44   20    2
 3 11 29 35 41 44 46   20    0
 3 11 21 35 41 44 46   20    1
 3 11 15 29 35 41 46   20    1
 3 11 15 25 29 30 35   20    1
 3 10 28 35 41 44 45   20    3
 3 10 15 27 35 41 44   20    2
 3 10 15 20 35 44 45   20    0
 3 10 15 20 35 41 44   20    2
 3 10 11 35 41 44 46   20    1
 2  9 10 27 30 35 45   20    0
 2  9 10 15 27 35 45   20    1
 2  8 10 13 28 32 45   20    0
 2  3  6 10 27 35 44   20    1
 2  3 10 27 35 44 45   20    1
 2  3 10 27 32 35 45   20    0
 2 20 32 34 36 43 45   20    0
 2 11 27 32 36 43 45   20    0
 2 10 27 32 36 43 45   20    0
15 28 29 35 41 45 48   20    0
 1  3 29 35 41 44 48   20    1
13 28 29 35 45 46 48   20    1
13 25 29 32 35 44 48   20    0
 1  3 15 35 41 44 46   20    1
13 15 28 29 35 41 45   20    0
 1  3 11 21 35 41 46   20    1
 1  3 10 15 20 29 44   20    0
 1 25 33 35 45 46 47   20    1
 9 15 28 29 41 46 47   19    2
 9 15 28 29 41 44 46   19    3
 9 15 28 29 39 41 44   19    2
 9 15 17 28 29 35 46   19    1
 9 13 25 32 35 45 46   19    1
 9 13 15 39 40 41 46   19    0
 9 13 15 35 41 45 46   19    2
 9 13 15 29 35 41 45   19    2
 9 13 15 25 29 35 45   19    1
 9 13 15 23 39 41 46   19    0
 9 13 15 23 29 41 47   19    0
 9 13 15 23 29 41 46   19    2
 9 13 15 23 29 41 45   19    0
 9 13 15 23 24 29 41   19    0
 9 13 15 16 35 45 46   19    0
 9 13 15 16 35 41 45   19    1
 9 13 15 16 29 35 45   19    1
 9 13 15 16 22 29 37   19    0
 9 12 13 15 16 22 29   19    0
 9 10 15 29 40 44 46   19    0
 8  9 13 25 29 39 42   19    1
 8  9 13 23 29 39 42   19    1
 8  9 13 16 29 30 45   19    0
 8  9 13 16 29 30 33   19    0
 8  9 13 15 16 22 29   19    0
 8 17 28 35 41 43 46   19    0
 8 16 29 32 41 42 43   19    1
 8 15 35 39 41 44 46   19    0
 8 15 29 35 41 43 46   19    0
 8 15 29 30 32 39 44   19    0
 8 15 20 29 39 44 46   19    1
 8 15 20 29 32 39 44   19    0
 8 15 16 30 32 39 44   19    2
 8 15 16 20 29 32 43   19    1
 8 15 16 18 29 32 44   19    2
 8 13 29 33 35 46 48   19    0
 8 13 16 37 39 41 46   19    1
 8 13 16 32 37 41 43   19    1
 8 13 16 30 35 39 45   19    0
 8 13 16 29 32 44 48   19    3
 8 13 16 29 30 31 39   19    1
 8 13 16 20 30 34 37   19    0
 8 13 15 16 29 30 48   19    2
 8 11 13 16 30 39 45   19    0
 8 11 13 16 29 33 42   19    0
 6  8  9 13 15 16 29   19    0
 6  8 13 15 29 32 48   19    1
 6  8 13 15 16 29 32   19    1
 6 13 16 29 39 41 46   19    1
 6 11 15 16 30 41 47   19    0
 6 11 15 16 30 40 44   19    0
 6 11 15 16 30 40 41   19    0
 6 11 15 16 30 37 44   19    1
 6 10 11 15 27 40 44   19    1
 6 10 11 15 17 27 41   19    1
 5  8  9 13 29 39 42   19    0
 5  8 15 28 29 32 44   19    0
 5  8 12 15 29 32 44   19    0
 5  8 11 25 36 40 44   19    0
 5 15 28 29 32 36 44   19    0
 5 15 25 29 30 35 41   19    1
 5 15 18 29 32 36 44   19    2
 5 13 16 23 29 37 41   19    0
 5 11 25 39 40 44 46   19    1
 5 11 25 29 34 41 43   19    0
 5 11 23 25 40 42 44   19    1
 5 11 18 30 31 32 44   19    0
 5 11 15 29 32 40 44   19    1
 5 11 15 25 29 40 44   19    3
 5 11 15 25 29 40 41   19    2
 5 11 15 22 23 29 41   19    0
 5 11 15 16 25 29 40   19    1
 5 11 13 15 23 29 44   19    0
 5 11 13 15 23 29 41   19    0
 4  5  6  9 15 29 41   19    1
 4 15 18 25 29 32 44   19    0
 4 11 15 25 29 41 46   19    1
 4 11 15 25 29 35 46   19    2
 4 11 15 23 25 29 46   19    1
 4 11 13 23 25 29 46   19    1
 3  9 29 35 41 44 48   19    0
 3  9 13 28 29 35 41   19    1
 3  9 10 28 29 35 41   19    1
 3  9 10 15 35 41 44   19    2
 3  8 15 35 41 43 46   19    0
 3  8 15 35 40 41 44   19    0
 3  8 15 16 29 30 32   19    1
 3  8 13 16 30 39 44   19    1
 3  8 13 16 20 30 39   19    2
 3  8 10 15 35 41 44   19    1
 3  6 29 35 41 44 46   19    0
 3  6 15 35 40 41 44   19    0
 3  6 15 35 37 41 44   19    2
 3  6 15 29 41 46 47   19    0
 3  6 15 25 35 41 44   19    2
 3  6 15 25 29 41 46   19    0
 3  6 15 25 29 35 41   19    2
 3  6 15 17 27 41 43   19    1
 3  6 11 16 29 41 46   19    1
 3  6 11 15 17 27 41   19    2
 3  5  6 15 25 29 44   19    1
 3  5 25 39 41 44 46   19    1
 3  5 15 28 35 41 44   19    0
 3  5 15 25 28 41 44   19    0
 3  5 11 39 41 44 46   19    1
 3  5 11 13 23 28 29   19    0
 3  4  6 13 15 25 29   19    0
 3  4  6 11 15 25 29   19    1
 3 29 35 41 44 46 48   19    1
 3 28 35 41 44 46 47   19    1
 3 28 29 35 41 44 48   19    2
 3 28 29 35 41 44 45   19    1
 3 27 29 32 35 44 48   19    1
 3 25 29 35 41 44 48   19    2
 3 25 29 32 35 44 48   19    1
 3 24 29 35 41 44 48   19    1
 3 22 28 29 35 41 44   19    0
 3 22 27 32 35 44 45   19    0
 3 21 35 41 44 46 47   19    2
 3 21 34 35 41 43 46   19    1
 3 21 29 35 41 44 48   19    1
 3 21 28 35 41 44 47   19    0
 3 21 28 35 41 44 45   19    1
 3 21 28 34 35 41 44   19    0
 3 21 28 29 35 41 44   19    1
 3 21 25 29 35 41 44   19    2
 3 20 21 34 41 43 46   19    2
 3 19 29 35 41 44 48   19    0
 3 18 35 41 44 46 47   19    0
 3 16 35 37 41 44 46   19    0
 3 16 35 37 41 43 44   19    0
 3 16 30 34 35 37 44   19    1
 3 16 29 35 37 41 44   19    1
 3 16 22 27 32 35 44   19    0
 3 16 21 35 41 44 46   19    1
 3 16 21 28 35 41 44   19    0
 3 16 20 29 30 39 44   19    1
 3 16 20 29 30 32 44   19    0
 3 15 35 41 44 46 48   19    1
 3 15 35 41 44 46 47   19    0
 3 15 35 39 41 44 46   19    3
 3 15 35 37 41 44 48   19    0
 3 15 29 35 41 44 48   19    2
 3 15 28 35 41 44 46   19    1
 3 15 28 35 41 44 45   19    2
 3 15 28 32 35 41 44   19    0
 3 15 27 35 41 44 48   19    2
 3 15 27 28 35 44 45   19    0
 3 15 27 28 35 41 44   19    3
 3 15 27 28 29 41 44   19    3
 3 15 25 35 37 41 44   19    2
 3 15 25 28 29 41 44   19    1
 3 15 22 27 35 44 45   19    0
 3 15 21 35 41 44 48   19    1
 3 15 21 35 41 44 46   19    1
 3 15 18 35 41 44 48   19    0
 3 15 17 28 35 41 44   19    0
 3 15 16 35 41 44 46   19    1
 3 15 16 30 37 41 46   19    0
 3 15 16 21 35 41 44   19    1
 3 15 16 20 27 29 30   19    2
 3 13 15 35 41 44 48   19    1
 3 13 15 30 35 41 44   19    2
 3 11 29 39 41 44 46   19    1
 3 11 22 35 41 44 46   19    0
 3 11 21 22 35 41 46   19    1
 3 11 20 27 29 30 40   19    0
 3 11 16 35 37 41 46   19    0
 3 11 16 35 37 41 44   19    0
 3 11 16 29 37 41 46   19    1
 3 11 16 29 35 41 46   19    0
 3 11 16 27 29 41 46   19    0
 3 11 15 29 30 41 46   19    1
 3 11 15 25 35 41 46   19    4
 3 11 15 25 29 41 46   19    2
 3 11 15 25 29 35 41   19    2
 3 11 15 25 27 29 44   19    0
 3 11 15 16 30 41 46   19    2
 3 11 15 16 25 29 44   19    1
 3 11 15 16 20 25 44   19    0
 3 10 35 41 44 46 47   19    2
 3 10 28 29 35 41 44   19    3
 3 10 21 28 35 41 44   19    3
 3 10 20 28 35 44 45   19    1
 3 10 15 35 41 44 48   19    2
 3 10 15 35 37 41 44   19    1
 3 10 15 28 35 41 44   19    3
 3 10 15 28 29 35 41   19    0
 3 10 15 27 35 44 45   19    1
 3 10 15 21 35 41 44   19    2
 3 10 15 20 31 39 44   19    0
 3 10 15 20 29 35 44   19    1
 3 10 15 17 35 41 44   19    1
 3 10 15 16 20 39 44   19    0
 3 10 15 16 20 35 44   19    0
 3 10 11 30 35 44 45   19    0
 3 10 11 20 30 34 43   19    0
 2  9 17 27 35 41 45   19    0
 2  9 10 27 35 41 45   19    0
 2  9 10 13 28 32 45   19    2
 2  8 10 28 32 43 45   19    1
 2  3  6 11 27 30 34   19    1
 2  3 34 35 41 43 46   19    1
 2  3 27 32 35 44 45   19    0
 2  3 27 30 34 35 45   19    2
 2  3 25 30 34 35 43   19    0
 2  3 15 27 35 44 45   19    0
 2  3 11 27 30 33 34   19    0
 2  3 11 22 35 41 46   19    0
 2  3 11 20 30 34 43   19    1
 2  3 11 20 27 30 34   19    2
 2  3 11 16 27 30 34   19    1
 2  3 10 27 30 35 45   19    1
 2  3 10 27 28 35 45   19    1
 2  3 10 26 27 35 44   19    1
 2  3 10 20 27 35 44   19    2
 2  3 10 20 27 35 43   19    1
 2  3 10 11 27 30 34   19    0
 2 15 22 32 35 44 45   19    0
 2 11 17 32 36 43 45   19    0
 2 11 17 27 32 35 45   19    2
 2 11 17 27 28 35 45   19    3
 2 11 13 17 32 42 45   19    0
 2 10 27 30 35 44 45   19    0
 2 10 27 30 32 35 45   19    0
 2 10 27 28 32 43 45   19    1
 2 10 27 28 30 35 45   19    1
 2 10 17 20 27 28 34   19    1
 2 10 15 27 35 44 45   19    1
 2 10 15 27 35 41 45   19    0
 2 10 15 27 32 43 45   19    0
 2 10 15 27 30 43 45   19    0
19 20 21 35 41 43 46   19    0
 1  9 17 28 35 41 46   19    1
 1  8 15 16 20 29 43   19    0
 1  7  9 28 41 45 46   19    0
 1  7 11 25 35 40 46   19    0
16 35 37 39 41 44 46   19    0
16 25 29 35 37 41 44   19    2
15 28 29 35 41 44 48   19    2
15 28 29 32 41 44 48   19    2
15 25 29 40 41 43 46   19    0
15 25 27 35 40 41 44   19    0
15 25 27 35 37 41 44   19    0
15 16 35 37 39 41 44   19    1
15 16 29 35 37 41 44   19    2
15 16 28 29 37 41 44   19    1
15 16 27 35 37 41 44   19    1
15 16 25 29 35 37 41   19    2
 1  5 11 25 35 40 46   19    0
 1  4  7 25 35 40 46   19    0
 1  3  9 10 28 35 41   19    0
 1  3  7 11 41 45 46   19    0
 1  3  7 11 35 41 46   19    0
 1  3  6 15 35 41 44   19    1
 1  3  5 25 29 41 46   19    0
 1  3 35 41 44 46 47   19    2
 1  3 25 35 39 42 46   19    1
13 23 29 33 35 42 46   19    1
13 23 28 35 45 46 48   19    0
 1  3 23 25 41 43 46   19    1
 1  3 21 35 41 46 47   19    3
 1  3 21 25 41 43 46   19    2
 1  3 21 25 35 41 46   19    4
 1  3 21 25 35 41 43   19    2
 1  3 21 25 35 39 46   19    1
 1  3 21 22 35 41 46   19    1
 1  3 20 25 41 43 46   19    1
13 16 29 37 41 46 48   19    0
13 16 29 37 39 41 46   19    2
13 16 18 29 32 44 48   19    2
13 15 30 35 41 44 48   19    0
13 15 28 35 41 45 48   19    0
 1  3 15 28 35 41 44   19    1
 1  3 15 28 29 41 44   19    1
13 15 28 29 31 41 44   19    1
 1  3 15 27 35 44 45   19    1
 1  3 15 27 35 41 44   19    3
13 15 27 30 32 36 45   19    1
 1  3 11 35 40 41 46   19    1
 1  3 11 25 35 41 46   19    4
 1  3 11 25 35 40 41   19    2
 1  3 11 18 35 41 46   19    0
 1  3 11 15 35 41 46   19    1
 1  3 11 15 16 25 29   19    3
 1  3 10 35 41 46 47   19    1
 1 25 35 39 42 46 47   19    0
 1 25 31 33 45 46 47   19    0
 1 25 29 33 45 46 47   19    0
 1  2  3 25 34 35 43   19    2
 1 22 29 32 35 44 48   19    1
 1 17 25 35 45 46 47   19    2
 1 16 29 33 35 43 44   19    0
 1 15 35 39 41 44 46   19    0
 1 13 25 29 45 46 47   19    0
 1 13 25 29 39 46 47   19    0
11 29 39 40 41 44 46   19    0
11 25 29 40 41 43 46   19    1
11 17 28 40 41 46 47   19    0
11 17 20 35 41 43 45   19    0
11 15 25 29 41 43 46   19    1
11 15 25 29 40 41 43   19    0
11 15 25 29 35 43 46   19    1
11 15 25 29 35 41 46   19    2
11 15 17 37 41 46 47   19    0
11 15 17 28 41 46 47   19    0
11 15 16 35 37 41 46   19    0
11 15 16 30 37 41 46   19    1
11 15 16 27 30 40 44   19    0
11 15 16 27 30 32 45   19    0
11 15 16 20 27 40 44   19    0
11 13 16 29 37 41 46   19    1
11 13 15 22 29 41 46   19    0
 1 11 25 33 35 40 46   19    0
11 12 16 29 37 41 46   19    2
11 12 16 29 33 41 46   19    0
11 12 13 16 29 41 46   19    0
 1 11 16 20 42 43 46   19    1
10 17 28 41 44 46 47   19    1
10 15 17 20 28 45 47   19    2
10 11 15 20 27 40 44   19    2
10 11 15 17 27 28 45   19    1
 9 29 35 39 41 44 46   18    0
 9 28 32 35 41 45 46   18    2
 9 28 29 41 44 46 47   18    1
 9 19 20 35 41 43 46   18    1
 9 17 28 35 41 43 46   18    1
 9 16 28 29 39 41 47   18    0
 9 15 39 40 41 43 46   18    0
 9 15 35 39 41 44 46   18    1
 9 15 29 41 45 46 47   18    0
 9 15 29 41 44 46 47   18    1
 9 15 29 40 41 44 46   18    1
 9 15 29 40 41 43 46   18    0
 9 15 28 29 44 46 47   18    0
 9 15 28 29 41 44 47   18    2
 9 15 28 29 41 43 46   18    2
 9 15 28 29 40 44 46   18    0
 9 15 28 29 40 41 44   18    2
 9 15 28 29 32 41 44   18    2
 9 15 27 28 29 41 44   18    2
 9 15 25 41 45 46 47   18    0
 9 15 24 28 29 41 44   18    2
 9 15 17 28 29 41 46   18    3
 9 15 17 28 29 41 45   18    3
 9 15 17 28 29 41 44   18    2
 9 15 16 28 29 41 44   18    2
 9 13 35 39 41 45 46   18    2
 9 13 32 35 41 45 46   18    1
 9 13 30 32 35 41 45   18    0
 9 13 29 31 35 44 45   18    0
 9 13 29 31 35 39 44   18    0
 9 13 28 39 41 44 46   18    1
 9 13 28 35 41 45 46   18    3
 9 13 28 29 35 41 48   18    1
 9 13 28 29 35 39 41   18    1
 9 13 23 39 40 41 46   18    0
 9 13 23 29 33 35 46   18    3
 9 13 23 24 25 29 41   18    0
 9 13 21 35 37 41 45   18    0
 9 13 21 28 35 39 41   18    1
 9 13 16 32 35 45 46   18    0
 9 13 16 30 35 41 45   18    0
 9 13 16 29 37 41 46   18    1
 9 13 16 29 30 35 45   18    0
 9 13 16 29 30 35 41   18    0
 9 13 16 27 30 35 45   18    0
 9 13 16 25 32 35 45   18    0
 9 13 16 23 30 44 48   18    0
 9 13 16 23 29 37 41   18    0
 9 13 15 39 41 45 46   18    0
 9 13 15 39 41 44 46   18    0
 9 13 15 35 45 46 48   18    0
 9 13 15 35 44 45 46   18    0
 9 13 15 35 41 45 48   18    1
 9 13 15 35 39 45 46   18    1
 9 13 15 35 39 44 45   18    0
 9 13 15 35 39 41 45   18    1
 9 13 15 32 35 45 46   18    0
 9 13 15 32 35 41 45   18    1
 9 13 15 30 35 41 45   18    3
 9 13 15 29 41 46 47   18    1
 9 13 15 29 35 45 48   18    2
 9 13 15 29 35 45 46   18    2
 9 13 15 28 35 45 46   18    2
 9 13 15 28 35 44 45   18    2
 9 13 15 28 29 41 44   18    3
 9 13 15 25 35 45 46   18    2
 9 13 15 24 35 41 45   18    2
 9 13 15 24 29 41 45   18    0
 9 13 15 23 41 46 48   18    1
 9 13 15 23 41 46 47   18    0
 9 13 15 23 41 45 46   18    0
 9 13 15 23 35 45 46   18    1
 9 13 15 23 29 41 44   18    1
 9 13 15 23 29 40 41   18    0
 9 13 15 23 29 39 44   18    0
 9 13 15 23 28 29 47   18    2
 9 13 15 23 28 29 44   18    1
 9 13 15 23 28 29 41   18    3
 9 13 15 23 26 29 41   18    1
 9 13 15 23 25 29 41   18    1
 9 13 15 21 29 41 47   18    0
 9 13 15 21 23 29 41   18    1
 9 13 15 17 35 45 46   18    3
 9 13 15 17 35 41 45   18    3
 9 13 15 16 35 44 45   18    1
 9 13 15 16 32 35 45   18    0
 9 13 15 16 29 41 47   18    1
 9 13 15 16 29 37 47   18    0
 9 13 15 16 29 37 45   18    0
 9 13 15 16 29 30 45   18    1
 9 13 15 16 28 35 45   18    2
 9 13 15 16 23 41 46   18    0
 9 13 15 16 23 29 41   18    1
 9 13 15 16 22 29 30   18    1
 9 12 13 15 16 29 30   18    1
 9 11 17 27 35 41 45   18    0
 9 11 15 29 41 46 47   18    0
 9 11 15 29 41 43 46   18    1
 9 11 15 28 29 41 46   18    2
 9 11 15 27 36 40 42   18    0
 9 11 15 20 27 40 44   18    0
 9 11 13 16 29 33 39   18    1
 9 11 13 15 41 46 47   18    0
 9 11 13 15 35 45 46   18    1
 9 11 13 15 29 41 46   18    1
 9 11 13 15 25 35 45   18    1
 9 10 28 41 44 46 47   18    1
 9 10 28 35 39 41 44   18    0
 9 10 23 28 39 41 44   18    0
 9 10 17 20 27 40 45   18    0
 9 10 15 40 41 44 46   18    0
 9 10 15 27 35 44 45   18    1
 9 10 15 17 20 28 45   18    3
 9 10 13 28 39 41 46   18    1
 9 10 11 15 27 40 44   18    0
 9 10 11 15 19 40 45   18    0
 9 10 11 15 17 35 45   18    1
 9 10 11 15 17 27 45   18    2
 9 10 11 13 39 44 45   18    0
 8  9 15 16 29 30 32   18    0
 8  9 13 29 39 42 48   18    1
 8  9 13 29 39 42 45   18    0
 8  9 13 29 35 39 42   18    0
 8  9 13 29 32 39 42   18    1
 8  9 13 23 29 39 46   18    1
 8  9 13 16 29 30 39   18    3
 8  9 13 16 28 29 30   18    1
 8  9 13 16 23 29 30   18    0
 8  9 13 15 29 30 45   18    0
 8  9 13 15 16 29 48   18    1
 8  9 12 13 39 42 46   18    0
 8 35 39 41 43 44 46   18    0
 8 29 35 39 41 44 46   18    0
 8 29 32 41 42 43 46   18    0
 8 28 35 41 43 45 46   18    1
 8 25 29 35 39 42 44   18    0
 8 25 29 35 39 41 44   18    0
 8 20 35 39 41 44 46   18    0
 8 20 29 39 41 44 46   18    0
 8 16 35 39 41 44 46   18    1
 8 16 35 39 41 43 46   18    1
 8 16 29 32 40 42 44   18    1
 8 16 29 32 36 42 44   18    0
 8 16 29 30 32 39 44   18    2
 8 16 29 30 31 32 44   18    1
 8 16 27 29 32 42 43   18    1
 8 16 25 29 32 42 43   18    1
 8 16 20 30 32 43 48   18    0
 8 16 20 30 32 43 44   18    0
 8 16 20 30 31 32 44   18    0
 8 16 20 29 32 43 44   18    0
 8 16 20 29 30 32 44   18    1
 8 16 18 29 32 44 48   18    2
 8 15 35 39 41 43 46   18    0
 8 15 29 32 40 42 44   18    1
 8 15 29 30 35 41 43   18    0
 8 15 28 29 41 44 48   18    2
 8 15 28 29 39 41 44   18    2
 8 15 28 29 35 41 45   18    0
 8 15 28 29 32 41 44   18    2
 8 15 27 35 40 41 44   18    0
 8 15 27 29 30 32 35   18    0
 8 15 25 35 40 41 44   18    0
 8 15 20 39 41 44 46   18    0
 8 15 20 29 39 43 44   18    0
 8 15 20 29 39 41 44   18    1
 8 15 20 29 32 42 44   18    1
 8 15 20 24 29 39 44   18    0
 8 15 18 29 30 32 44   18    0
 8 15 16 30 31 32 44   18    1
 8 15 16 29 35 43 48   18    0
 8 15 16 29 32 41 44   18    2
 8 15 16 29 30 35 48   18    0
 8 15 16 29 30 32 48   18    2
 8 15 16 29 30 32 35   18    0
 8 15 16 29 30 31 32   18    0
 8 15 16 28 29 32 44   18    2
 8 15 16 28 29 30 32   18    0
 8 15 16 27 30 39 44   18    1
 8 15 16 20 29 43 48   18    0
 8 15 16 20 29 43 44   18    1
 8 15 16 20 29 32 44   18    2
 8 15 16 20 27 29 43   18    0
 8 15 16 20 26 29 43   18    0
 8 15 16 20 21 29 43   18    0
 8 13 32 35 43 45 46   18    2
 8 13 31 32 40 44 48   18    0
 8 13 29 31 32 39 40   18    0
 8 13 25 29 33 42 46   18    0
 8 13 25 29 31 39 42   18    0
 8 13 25 29 31 32 39   18    0
 8 13 23 32 33 43 48   18    0
 8 13 21 23 29 32 43   18    0
 8 13 18 29 32 44 48   18    1
 8 13 16 32 35 39 43   18    1
 8 13 16 30 39 44 48   18    1
 8 13 16 29 42 44 48   18    0
 8 13 16 29 39 44 48   18    2
 8 13 16 29 39 41 46   18    2
 8 13 16 29 35 39 48   18    1
 8 13 16 29 32 43 48   18    2
 8 13 16 29 31 44 48   18    1
 8 13 16 29 30 39 48   18    2
 8 13 16 29 30 39 45   18    1
 8 13 16 29 30 39 44   18    2
 8 13 16 29 30 33 45   18    0
 8 13 16 24 29 30 33   18    0
 8 13 16 23 29 30 39   18    1
 8 13 16 21 39 41 46   18    2
 8 13 16 20 30 35 39   18    1
 8 13 15 29 32 44 48   18    2
 8 13 15 29 30 35 41   18    0
 8 13 15 29 30 32 44   18    1
 8 13 15 28 29 41 48   18    1
 8 13 15 18 29 32 48   18    1
 8 13 15 18 29 32 44   18    0
 8 13 15 16 29 44 48   18    2
 8 13 15 16 29 43 48   18    0
 8 13 15 16 29 40 48   18    0
 8 13 15 16 29 39 48   18    2
 8 13 15 16 29 32 48   18    3
 8 13 15 16 29 30 45   18    1
 8 13 15 16 26 29 48   18    0
 8 13 15 16 24 29 30   18    1
 8 13 15 16 22 29 30   18    1
 8 13 15 16 20 29 48   18    0
 8 12 15 16 20 29 43   18    1
 8 11 29 39 41 44 46   18    0
 8 11 15 16 30 42 44   18    0
 8 11 15 16 30 32 44   18    1
 8 11 15 16 27 30 40   18    1
 8 11 15 16 27 30 39   18    0
 8 11 15 16 20 29 44   18    1
 8 11 13 16 30 39 42   18    2
 8 11 13 16 30 34 39   18    0
 8 11 13 16 30 31 39   18    0
 8 11 13 16 29 30 39   18    2
 8 11 13 16 27 30 39   18    1
 8 11 12 16 29 33 42   18    1
 8 10 17 20 28 30 45   18    0
 8 10 17 20 27 28 45   18    1
 8 10 15 17 20 28 45   18    1
 8 10 11 20 30 36 43   18    0
 8 10 11 20 30 32 43   18    0
 8 10 11 20 27 40 43   18    0
 8 10 11 20 27 30 43   18    0
 7  9 15 39 40 41 46   18    0
 7  9 13 15 35 41 45   18    1
 7  9 13 15 25 41 45   18    0
 7  9 13 15 25 35 45   18    1
 7  8  9 13 16 29 30   18    1
 7  8 13 32 35 43 46   18    0
 7  8 13 16 29 30 48   18    2
 7  8 13 16 29 30 45   18    1
 7  8 13 16 29 30 44   18    0
 7  8 13 16 29 30 34   18    1
 7  8 13 16 29 30 33   18    1
 7  8 13 16 24 29 30   18    1
 7  8 13 15 16 29 30   18    1
 7  8 11 27 30 32 40   18    0
 7 13 28 35 45 46 48   18    1
 7 12 16 29 37 41 46   18    1
 7 11 25 29 40 43 46   18    0
 7 11 20 25 40 43 46   18    0
 7 11 17 20 40 46 47   18    1
 7 11 17 20 40 45 46   18    1
 7 11 17 20 34 40 46   18    0
 7 11 17 20 29 40 46   18    0
 7 11 17 20 25 40 46   18    0
 7 11 16 17 29 41 46   18    0
 7 11 15 17 20 40 45   18    0
 7 11 15 16 27 40 44   18    0
 7 11 13 22 23 33 45   18    1
 7 10 11 20 30 41 43   18    1
 7 10 11 20 25 40 46   18    0
 7 10 11 17 40 46 47   18    0
 7 10 11 17 25 33 40   18    0
 7 10 11 15 17 33 40   18    0
 6  9 16 17 34 41 43   18    1
 6  9 15 29 41 44 46   18    1
 6  9 15 16 41 44 46   18    1
 6  9 15 16 34 41 43   18    1
 6  9 15 16 29 41 44   18    1
 6  9 13 28 39 41 46   18    1
 6  9 13 15 16 29 30   18    1
 6  9 13 15 16 27 29   18    1
 6  9 12 13 15 16 29   18    0
 6  9 11 15 16 30 44   18    0
 6  9 11 15 16 30 41   18    1
 6  8  9 13 16 29 30   18    0
 6  8 14 27 32 42 43   18    0
 6  8 13 16 30 34 37   18    0
 6  8 13 16 29 30 48   18    1
 6  8 13 15 18 32 48   18    0
 6  8 13 15 16 22 29   18    0
 6  8 11 15 16 39 44   18    1
 6  7 11 15 27 40 41   18    1
 6 17 28 35 41 46 47   18    0
 6 17 28 34 41 43 46   18    1
 6 17 19 28 41 46 47   18    0
 6 15 30 35 41 44 48   18    0
 6 15 25 29 35 41 44   18    3
 6 15 17 28 41 44 46   18    0
 6 15 16 35 37 39 44   18    1
 6 15 16 30 37 39 44   18    0
 6 15 16 30 34 37 44   18    1
 6 15 16 29 41 44 47   18    1
 6 15 16 29 30 35 41   18    1
 6 15 16 25 29 35 37   18    1
 6 15 16 18 29 37 44   18    1
 6 13 17 28 41 46 47   18    1
 6 13 16 29 37 41 46   18    2
 6 13 15 27 30 32 45   18    1
 6 13 15 22 29 33 35   18    0
 6 13 15 18 29 44 48   18    1
 6 13 15 18 29 31 44   18    0
 6 13 15 18 22 29 44   18    0
 6 13 15 16 35 39 44   18    0
 6 13 15 16 22 29 37   18    1
 6 12 13 15 16 29 48   18    0
 6 12 13 15 16 22 29   18    0
 6 11 20 30 34 42 43   18    0
 6 11 17 28 41 46 47   18    1
 6 11 15 29 41 46 47   18    1
 6 11 15 27 36 40 41   18    1
 6 11 15 27 29 40 41   18    0
 6 11 15 20 29 44 46   18    0
 6 11 15 20 27 40 44   18    1
 6 11 15 17 41 46 47   18    2
 6 11 15 17 28 41 46   18    1
 6 11 15 17 20 27 45   18    1
 6 11 15 16 37 44 46   18    0
 6 11 15 16 37 40 44   18    0
 6 11 15 16 37 39 44   18    0
 6 11 15 16 30 46 47   18    0
 6 11 15 16 30 44 46   18    0
 6 11 15 16 30 41 46   18    1
 6 11 15 16 30 37 41   18    3
 6 11 15 16 30 35 41   18    0
 6 11 15 16 30 32 41   18    0
 6 11 15 16 22 30 41   18    0
 6 11 15 16 22 29 41   18    1
 6 11 15 16 20 44 46   18    0
 6 10 15 17 27 41 44   18    2
 6 10 11 15 40 41 44   18    1
 6 10 11 15 27 40 41   18    0
 6 10 11 15 20 40 44   18    1
 5  9 13 23 29 41 46   18    2
 5  9 13 23 29 30 41   18    0
 5  9 13 16 29 37 41   18    0
 5  9 13 16 23 29 41   18    0
 5  9 13 15 23 29 44   18    0
 5  9 11 15 29 40 41   18    0
 5  9 10 11 23 40 44   18    0
 5  8 15 29 32 42 44   18    0
 5  8 15 16 28 29 44   18    1
 5  8 13 16 29 44 48   18    0
 5  8 12 15 16 29 44   18    2
 5  7 11 25 40 43 46   18    1
 5  7 11 25 33 40 46   18    1
 5  7 11 25 32 40 46   18    0
 5  7 11 25 29 40 46   18    1
 5  7 11 25 29 33 40   18    1
 5  7 11 20 25 40 46   18    0
 5  7 11 18 23 30 40   18    1
 5  7 11 15 25 29 40   18    1
 5  6  9 15 16 41 44   18    1
 5  6  9 15 16 29 44   18    1
 5  6  8 15 16 29 44   18    1
 5  6 15 30 35 41 44   18    0
 5  6 15 16 41 44 47   18    1
 5  6 15 16 29 37 44   18    2
 5  6 15 16 29 35 37   18    0
 5  6 11 16 18 22 29   18    1
 5 15 28 29 32 44 46   18    0
 5 15 25 35 38 41 44   18    0
 5 15 25 29 41 43 46   18    0
 5 15 25 28 29 41 44   18    3
 5 13 18 29 32 44 48   18    1
 5 13 16 22 29 37 41   18    0
 5 13 15 28 29 31 44   18    0
 5 13 15 25 29 31 44   18    1
 5 13 15 23 28 29 44   18    0
 5 12 16 29 37 41 46   18    2
 5 12 13 16 29 44 48   18    0
 5 12 13 16 29 41 46   18    1
 5 12 13 16 29 31 44   18    0
 5 11 25 40 41 45 46   18    1
 5 11 25 40 41 44 46   18    1
 5 11 25 39 41 44 46   18    0
 5 11 25 39 40 42 46   18    1
 5 11 25 39 40 41 46   18    1
 5 11 25 35 40 45 46   18    0
 5 11 25 35 40 44 46   18    0
 5 11 25 34 37 41 43   18    0
 5 11 25 34 37 40 43   18    1
 5 11 25 32 35 40 46   18    0
 5 11 25 31 40 45 46   18    0
 5 11 25 31 40 44 46   18    1
 5 11 25 31 39 40 46   18    0
 5 11 25 31 37 40 46   18    0
 5 11 25 31 36 40 44   18    1
 5 11 25 31 32 40 46   18    0
 5 11 25 29 40 41 46   18    2
 5 11 25 29 40 41 43   18    2
 5 11 25 29 35 40 44   18    1
 5 11 25 29 32 40 43   18    1
 5 11 25 27 34 37 43   18    0
 5 11 23 25 40 44 46   18    2
 5 11 23 25 39 40 42   18    1
 5 11 23 25 36 40 44   18    2
 5 11 23 25 31 40 46   18    2
 5 11 23 25 31 40 42   18    1
 5 11 18 25 32 40 46   18    2
 5 11 18 25 31 40 46   18    2
 5 11 18 23 30 40 42   18    1
 5 11 18 22 29 32 40   18    0
 5 11 18 20 29 30 40   18    0
 5 11 18 19 40 46 47   18    0
 5 11 17 28 41 45 46   18    0
 5 11 16 18 30 36 44   18    2
 5 11 16 18 30 34 44   18    2
 5 11 16 18 30 32 44   18    3
 5 11 16 18 23 30 40   18    3
 5 11 15 29 30 40 41   18    0
 5 11 15 28 29 40 41   18    1
 5 11 15 25 36 37 40   18    1
 5 11 15 25 29 40 43   18    2
 5 11 15 25 29 37 40   18    1
 5 11 15 25 29 36 40   18    2
 5 11 15 25 29 32 40   18    1
 5 11 15 25 28 29 40   18    1
 5 11 15 25 27 36 40   18    3
 5 11 15 23 28 29 44   18    0
 5 11 15 23 25 29 44   18    1
 5 11 15 22 25 29 40   18    1
 5 11 15 22 23 29 44   18    0
 5 11 15 18 32 40 44   18    2
 5 11 15 16 40 41 43   18    0
 5 11 15 16 29 40 44   18    2
 5 11 13 25 40 43 46   18    1
 5 11 13 25 40 42 46   18    1
 5 11 13 23 25 31 40   18    1
 5 11 13 22 23 28 29   18    1
 5 11 13 18 23 29 40   18    2
 5 11 13 18 23 29 30   18    2
 5 11 13 18 23 28 29   18    1
 5 11 13 15 23 36 40   18    2
 5 11 13 15 23 28 29   18    0
 5 11 12 25 29 37 40   18    0
 5 11 12 15 16 29 44   18    1
 5 11 12 13 16 18 29   18    1
 5 10 11 25 39 44 45   18    0
 5 10 11 25 39 40 44   18    2
 5 10 11 15 32 40 44   18    1
 4  9 21 25 41 43 46   18    2
 4  9 13 25 35 45 46   18    3
 4  9 13 25 29 35 45   18    3
 4  9 13 23 25 29 45   18    1
 4  9 13 23 25 29 35   18    3
 4  9 13 23 24 25 35   18    1
 4  9 13 23 24 25 29   18    1
 4  9 13 15 25 29 35   18    2
 4  9 13 15 23 29 41   18    2
 4  9 11 15 23 29 41   18    0
 4  7 11 25 40 43 46   18    1
 4  6  9 15 29 41 44   18    1
 4  6  9 15 25 29 41   18    1
 4  6  9 15 23 29 41   18    0
 4  6  9 15 16 29 41   18    1
 4  6 11 15 22 27 40   18    0
 4  5  9 15 29 41 46   18    1
 4  5  7 11 25 40 46   18    1
 4  5 16 29 37 41 46   18    0
 4  5 13 15 25 29 41   18    1
 4  5 11 13 23 28 29   18    0
 4  5 11 13 23 25 46   18    1
 4 25 29 41 44 46 47   18    0
 4 25 29 32 35 44 48   18    1
 4 16 25 29 37 41 46   18    0
 4 15 25 29 30 35 41   18    2
 4 13 28 35 45 46 48   18    0
 4 13 25 29 35 44 48   18    1
 4 13 23 25 29 35 44   18    0
 4 13 15 29 30 35 41   18    0
 4 13 15 18 25 29 41   18    0
 4 11 25 29 35 40 46   18    1
 4 11 23 25 29 35 46   18    1
 4 11 15 29 35 41 46   18    1
 4 11 15 25 29 44 46   18    0
 4 11 13 25 40 42 46   18    0
 4 11 13 23 25 29 35   18    1
 3  9 28 35 41 44 45   18    2
 3  9 24 29 35 41 48   18    0
 3  9 24 29 35 41 44   18    1
 3  9 24 28 29 41 44   18    0
 3  9 24 28 29 35 41   18    1
 3  9 23 28 35 41 44   18    0
 3  9 21 28 35 41 44   18    1
 3  9 15 35 41 44 48   18    1
 3  9 15 35 40 41 44   18    1
 3  9 15 28 35 41 44   18    2
 3  9 15 28 29 41 44   18    2
 3  9 15 27 35 44 45   18    1
 3  9 15 27 35 40 44   18    0
 3  9 15 16 30 35 44   18    0
 3  9 13 29 35 41 44   18    0
 3  9 13 29 33 35 41   18    0
 3  9 13 28 35 39 41   18    2
 3  9 13 24 29 35 41   18    0
 3  9 10 21 28 35 41   18    1
 3  9 10 17 28 35 41   18    1
 3  9 10 15 35 44 45   18    0
 3  9 10 15 27 35 44   18    1
 3  8 28 35 41 43 46   18    1
 3  8 27 30 31 32 44   18    1
 3  8 27 28 32 41 45   18    0
 3  8 27 28 31 35 41   18    1
 3  8 22 28 35 41 44   18    1
 3  8 20 39 41 44 46   18    1
 3  8 20 29 39 41 44   18    0
 3  8 20 27 32 36 42   18    0
 3  8 20 21 39 41 44   18    0
 3  8 16 35 37 41 44   18    0
 3  8 16 30 32 38 48   18    0
 3  8 16 29 30 32 44   18    0
 3  8 15 39 41 44 46   18    1
 3  8 15 35 41 44 46   18    0
 3  8 15 28 35 41 44   18    1
 3  8 15 27 35 41 44   18    2
 3  8 15 27 35 40 44   18    0
 3  8 15 27 28 39 44   18    0
 3  8 15 27 28 36 44   18    0
 3  8 13 16 30 39 46   18    0
 3  8 13 16 30 39 45   18    0
 3  8 13 16 30 38 39   18    1
 3  8 13 16 30 35 39   18    1
 3  8 13 16 29 30 39   18    2
 3  8 13 16 28 30 39   18    0
 3  8 11 39 41 44 46   18    1
 3  8 11 29 30 39 46   18    0
 3  8 11 22 35 41 46   18    0
 3  8 11 15 25 35 41   18    1
 3  8 11 13 16 30 39   18    1
 3  8 10 30 39 42 44   18    0
 3  8 10 20 39 42 44   18    2
 3  8 10 20 39 41 44   18    1
 3  8 10 20 35 41 44   18    2
 3  8 10 20 35 39 44   18    1
 3  7 25 40 41 43 46   18    1
 3  7 20 27 30 31 44   18    2
 3  7 11 33 41 45 46   18    1
 3  7 11 33 35 41 46   18    0
 3  7 11 27 31 33 40   18    2
 3  7 11 25 40 41 46   18    3
 3  7 11 25 33 40 41   18    2
 3  7 11 17 27 33 40   18    2
 3  7 10 11 17 33 40   18    0
 3  6  9 15 39 41 44   18    0
 3  6  9 15 29 41 46   18    1
 3  6  9 13 15 22 29   18    0
 3  6  9 11 15 27 41   18    2
 3  6  9 10 15 35 44   18    0
 3  6  8 27 28 41 43   18    0
 3  6  8 27 28 39 44   18    0
 3  6 30 32 35 44 48   18    1
 3  6 29 35 41 44 48   18    1
 3  6 29 31 35 41 44   18    1
 3  6 27 30 35 44 48   18    1
 3  6 27 28 37 41 44   18    2
 3  6 21 27 28 37 41   18    1
 3  6 17 20 27 41 43   18    0
 3  6 16 30 34 41 43   18    1
 3  6 16 29 37 41 46   18    1
 3  6 16 29 30 41 46   18    0
 3  6 16 27 30 34 41   18    2
 3  6 15 35 39 41 44   18    2
 3  6 15 32 35 41 44   18    1
 3  6 15 29 41 44 46   18    1
 3  6 15 28 41 44 46   18    1
 3  6 15 28 39 41 44   18    1
 3  6 15 28 37 41 44   18    1
 3  6 15 28 29 41 44   18    2
 3  6 15 27 35 41 44   18    4
 3  6 15 25 41 46 47   18    1
 3  6 15 25 41 44 46   18    0
 3  6 15 25 29 41 44   18    1
 3  6 15 21 35 41 44   18    1
 3  6 15 17 35 41 46   18    1
 3  6 15 17 29 35 41   18    0
 3  6 15 17 28 41 44   18    0
 3  6 15 17 27 41 46   18    2
 3  6 15 17 27 41 45   18    1
 3  6 15 17 27 35 41   18    2
 3  6 15 17 27 34 41   18    1
 3  6 15 17 20 27 41   18    2
 3  6 15 16 35 41 44   18    2
 3  6 13 29 35 41 44   18    0
 3  6 12 15 35 41 44   18    0
 3  6 11 27 30 37 41   18    1
 3  6 11 27 28 37 41   18    0
 3  6 11 25 27 37 41   18    0
 3  6 11 16 18 22 37   18    0
 3  6 11 15 35 41 44   18    1
 3  6 11 15 29 41 46   18    2
 3  6 11 15 29 35 41   18    0
 3  6 11 15 27 40 41   18    2
 3  6 11 15 27 34 41   18    1
 3  6 11 15 25 35 41   18    2
 3  6 11 15 25 27 41   18    2
 3  6 11 15 17 35 41   18    0
 3  6 10 15 35 44 45   18    0
 3  6 10 15 29 35 44   18    1
 3  6 10 15 20 35 44   18    1
 3  6 10 15 18 35 44   18    0
 3  6 10 15 17 35 44   18    0
 3  6 10 11 15 35 44   18    0
 3  5  6 15 25 41 44   18    1
 3  5  6 11 12 17 46   18    0
 3  5 25 30 39 41 44   18    1
 3  5 25 29 35 41 44   18    3
 3  5 25 27 39 40 44   18    1
 3  5 25 27 35 40 44   18    1
 3  5 21 28 35 41 44   18    0
 3  5 15 35 41 44 48   18    0
 3  5 15 35 37 41 44   18    0
 3  5 15 30 35 41 44   18    2
 3  5 15 25 41 44 46   18    0
 3  5 15 25 29 41 46   18    0
 3  5 15 25 29 41 44   18    2
 3  5 15 25 29 30 41   18    0
 3  5 15 25 28 29 44   18    0
 3  5 15 25 27 41 44   18    1
 3  5 15 25 27 40 44   18    1
 3  5 15 25 27 29 44   18    0
 3  5 15 16 35 41 44   18    1
 3  5 11 35 41 44 46   18    0
 3  5 11 25 40 41 44   18    2
 3  5 11 20 30 34 43   18    0
 3  5 11 20 26 30 34   18    0
 3  5 11 18 29 30 40   18    1
 3  5 11 15 29 30 41   18    0
 3  5 11 15 27 30 44   18    0
 3  5 11 15 25 29 44   18    2
 3  5 11 15 16 29 44   18    1
 3  5 11 15 16 20 44   18    0
 3  5 10 25 39 40 44   18    2
 3  5 10 15 25 35 44   18    1
 3  5 10 15 25 29 44   18    1
 3  5 10 15 20 25 44   18    0
 3  5 10 11 25 40 44   18    2
 3  4  9 25 35 39 46   18    1
 3  4  9 25 35 38 41   18    2
 3  4  7 11 25 40 46   18    2
 3  4  7 11 25 40 43   18    0
 3  4  7 11 25 29 40   18    0
 3  4  6  9 15 29 41   18    1
 3  4  6 15 35 41 44   18    1
 3  4  6 15 25 35 41   18    1
 3  4  6 15 25 29 46   18    0
 3  4  6 15 25 29 44   18    0
 3  4  6 15 25 29 41   18    1
 3  4  6 15 25 29 34   18    0
 3  4  6 11 16 18 30   18    1
 3  4  6 11 15 22 35   18    0
 3  4  6 11 15 22 25   18    1
 3  4  5 15 25 29 44   18    0
 3  4 25 35 38 41 48   18    2
 3  4 25 29 35 41 46   18    2
 3  4 25 29 35 41 44   18    2
 3  4 15 25 29 41 46   18    1
 3  4 15 25 29 35 41   18    2
 3  4 15 22 27 35 44   18    0
 3  4 13 25 35 38 48   18    1
 3  4 13 22 25 29 35   18    1
 3  4 11 23 25 34 43   18    1
 3  4 11 15 25 29 46   18    2
 3  4 11 15 25 29 44   18    0
 3  4 11 15 25 29 40   18    1
 3  4 11 15 22 25 41   18    1
 3  4 11 15 16 25 29   18    0
 3  4 11 13 23 25 29   18    0
 3 35 41 44 46 47 48   18    1
 3 35 41 44 45 46 47   18    1
 3 34 35 41 44 46 47   18    1
 3 34 35 41 43 44 46   18    0
 3 32 34 35 41 44 48   18    1
 3 29 35 41 44 46 47   18    0
 3 29 35 38 41 44 48   18    2
 3 29 32 35 38 44 48   18    1
 3 29 32 34 35 44 48   18    1
 3 29 31 32 35 44 48   18    2
 3 28 29 35 38 41 44   18    1
 3 28 29 32 35 41 44   18    0
 3 28 29 31 35 41 44   18    1
 3 27 34 35 41 43 46   18    1
 3 27 32 34 35 44 48   18    1
 3 27 28 29 35 41 44   18    2
 3 27 28 29 31 41 44   18    1
 3 25 35 38 39 46 47   18    1
 3 25 35 38 39 42 46   18    0
 3 25 33 35 41 43 46   18    2
 3 25 32 35 38 39 46   18    0
 3 25 28 29 35 41 44   18    2
 3 24 28 29 35 41 44   18    1
 3 23 34 35 41 43 46   18    0
 3 23 25 39 41 44 46   18    1
 3 22 35 41 44 46 47   18    0
 3 22 32 35 41 44 48   18    1
 3 22 29 32 35 41 44   18    0
 3 22 27 32 35 41 44   18    2
 3 21 35 41 43 44 46   18    1
 3 21 35 37 41 44 46   18    2
 3 21 34 35 41 44 46   18    1
 3 21 29 35 37 41 44   18    1
 3 21 29 31 35 41 44   18    1
 3 21 28 35 38 41 44   18    1
 3 21 28 35 37 41 44   18    2
 3 21 27 28 35 41 44   18    2
 3 21 26 28 35 41 44   18    0
 3 21 25 35 41 43 46   18    3
 3 20 28 29 30 41 44   18    1
 3 20 21 35 41 43 46   18    2
 3 20 21 34 43 46 47   18    1
 3 19 35 41 44 46 47   18    1
 3 19 23 35 41 43 46   18    0
 3 19 20 35 41 43 46   18    1
 3 17 34 35 41 43 46   18    1
 3 17 28 35 41 46 47   18    2
 3 17 25 35 38 39 46   18    1
 3 16 35 37 41 44 48   18    1
 3 16 30 32 34 35 44   18    0
 3 16 28 35 37 41 44   18    0
 3 16 27 30 34 41 43   18    1
 3 16 27 30 32 34 44   18    2
 3 16 27 28 29 37 41   18    0
 3 16 22 35 37 41 44   18    1
 3 16 21 35 37 41 46   18    2
 3 16 21 29 35 41 44   18    1
 3 16 20 30 39 44 48   18    1
 3 16 20 30 34 37 39   18    1
 3 16 20 30 32 34 44   18    1
 3 16 20 29 30 34 39   18    1
 3 16 20 27 30 32 44   18    2
 3 16 20 27 30 32 42   18    1
 3 15 35 41 43 44 46   18    0
 3 15 35 40 41 44 48   18    0
 3 15 35 37 41 44 46   18    0
 3 15 35 37 40 41 44   18    0
 3 15 32 35 41 44 48   18    2
 3 15 32 35 41 44 46   18    0
 3 15 32 35 37 41 44   18    0
 3 15 31 35 41 44 48   18    1
 3 15 31 32 35 41 44   18    1
 3 15 30 32 35 41 44   18    2
 3 15 30 31 35 41 44   18    3
 3 15 29 35 41 44 46   18    2
 3 15 29 35 41 43 46   18    0
 3 15 28 39 41 44 46   18    1
 3 15 28 35 41 44 48   18    2
 3 15 28 35 40 41 44   18    0
 3 15 28 35 38 41 44   18    1
 3 15 28 31 35 41 44   18    1
 3 15 28 29 39 41 44   18    2
 3 15 27 39 41 44 46   18    3
 3 15 27 35 41 44 46   18    2
 3 15 27 35 40 41 44   18    2
 3 15 27 35 39 41 44   18    3
 3 15 27 35 36 40 44   18    0
 3 15 27 32 35 44 45   18    1
 3 15 27 32 35 41 44   18    3
 3 15 27 30 35 44 48   18    1
 3 15 27 30 35 44 45   18    2
 3 15 27 28 29 39 44   18    0
 3 15 25 39 41 44 46   18    1
 3 15 25 35 41 44 48   18    2
 3 15 25 35 40 41 44   18    2
 3 15 25 35 38 39 46   18    0
 3 15 25 29 41 44 46   18    1
 3 15 25 29 41 43 46   18    0
 3 15 25 29 35 41 46   18    3
 3 15 25 28 35 41 44   18    2
 3 15 25 27 35 40 44   18    1
 3 15 23 35 41 44 48   18    0
 3 15 23 28 35 41 44   18    0
 3 15 22 35 41 44 48   18    1
 3 15 22 28 35 41 44   18    1
 3 15 22 27 35 41 44   18    3
 3 15 22 27 35 36 44   18    0
 3 15 22 27 32 35 44   18    1
 3 15 22 27 30 35 44   18    1
 3 15 22 27 29 35 44   18    1
 3 15 21 27 35 37 41   18    1
 3 15 21 27 28 41 44   18    2
 3 15 21 25 35 41 44   18    2
 3 15 21 23 35 41 44   18    0
 3 15 20 39 41 44 46   18    1
 3 15 20 35 41 44 46   18    1
 3 15 20 28 35 41 44   18    1
 3 15 20 27 29 30 44   18    2
 3 15 20 21 35 41 44   18    1
 3 15 19 35 41 44 48   18    1
 3 15 18 32 35 41 44   18    0
 3 15 18 25 35 41 44   18    2
 3 15 18 25 35 39 46   18    0
 3 15 18 25 29 35 41   18    2
 3 15 18 25 29 32 44   18    1
 3 15 18 25 29 30 35   18    1
 3 15 17 35 41 44 48   18    0
 3 15 16 35 37 41 46   18    0
 3 15 16 30 39 44 48   18    1
 3 15 16 30 39 41 44   18    2
 3 15 16 30 37 41 44   18    1
 3 15 16 30 37 39 44   18    0
 3 15 16 30 35 41 44   18    3
 3 15 16 30 35 40 44   18    0
 3 15 16 30 35 39 44   18    2
 3 15 16 30 35 37 44   18    1
 3 15 16 30 34 37 41   18    2
 3 15 16 30 32 35 44   18    1
 3 15 16 30 32 34 37   18    0
 3 15 16 29 30 33 35   18    0
 3 15 16 28 35 41 44   18    1
 3 15 16 27 30 35 44   18    2
 3 15 16 25 29 30 35   18    1
 3 15 16 20 30 39 44   18    2
 3 15 16 20 29 30 44   18    2
 3 15 16 20 29 30 39   18    2
 3 15 16 18 25 29 44   18    1
 3 13 29 35 41 44 48   18    2
 3 13 29 31 35 41 44   18    2
 3 13 27 29 31 35 44   18    1
 3 13 21 35 37 41 44   18    1
 3 13 21 35 37 39 41   18    1
 3 13 16 30 32 35 44   18    1
 3 13 16 30 31 35 45   18    0
 3 13 16 29 37 41 46   18    0
 3 13 16 27 30 32 44   18    3
 3 13 16 20 30 39 44   18    1
 3 13 16 20 30 32 44   18    1
 3 13 16 20 27 30 42   18    0
 3 13 15 30 32 41 44   18    0
 3 13 15 27 30 44 45   18    0
 3 13 15 27 30 32 45   18    1
 3 13 15 27 30 32 44   18    2
 3 13 15 16 35 41 44   18    1
 3 13 15 16 30 39 44   18    1
 3 13 15 16 30 35 44   18    1
 3 12 29 35 41 44 48   18    0
 3 12 25 35 38 39 46   18    0
 3 12 21 35 37 41 44   18    1
 3 12 21 28 35 41 44   18    0
 3 12 16 35 37 41 44   18    1
 3 12 16 29 37 41 46   18    1
 3 12 16 21 35 41 44   18    0
 3 11 35 41 44 46 48   18    1
 3 11 35 41 44 46 47   18    1
 3 11 35 37 41 44 46   18    0
 3 11 29 30 41 44 46   18    0
 3 11 29 30 39 41 46   18    2
 3 11 25 39 41 44 46   18    2
 3 11 25 29 35 41 46   18    3
 3 11 25 29 35 41 44   18    2
 3 11 25 29 30 35 40   18    0
 3 11 22 32 35 41 46   18    0
 3 11 21 35 37 41 46   18    2
 3 11 20 35 41 44 46   18    1
 3 11 20 30 34 43 46   18    1
 3 11 20 30 34 42 43   18    1
 3 11 20 30 32 34 43   18    0
 3 11 20 29 41 44 46   18    0
 3 11 20 29 30 34 44   18    3
 3 11 20 29 30 32 34   18    1
 3 11 20 26 29 30 34   18    1
 3 11 20 25 30 34 43   18    1
 3 11 20 25 29 30 35   18    1
 3 11 20 23 30 34 43   18    2
 3 11 20 21 30 34 43   18    0
 3 11 18 29 35 41 46   18    0
 3 11 18 25 29 30 35   18    1
 3 11 16 39 41 44 46   18    1
 3 11 16 35 41 44 46   18    0
 3 11 16 30 32 34 44   18    1
 3 11 16 29 39 41 46   18    2
 3 11 16 29 33 41 46   18    1
 3 11 16 29 30 41 46   18    2
 3 11 16 21 35 41 46   18    1
 3 11 16 20 42 43 46   18    0
 3 11 16 18 29 41 46   18    0
 3 11 16 18 20 27 30   18    2
 3 11 15 35 41 44 46   18    2
 3 11 15 30 34 37 41   18    1
 3 11 15 27 29 30 44   18    0
 3 11 15 25 35 41 44   18    3
 3 11 15 25 35 40 41   18    2
 3 11 15 25 30 37 41   18    0
 3 11 15 25 30 35 44   18    1
 3 11 15 25 30 35 41   18    3
 3 11 15 25 30 35 39   18    1
 3 11 15 25 30 31 35   18    1
 3 11 15 25 29 35 46   18    3
 3 11 15 25 29 32 44   18    0
 3 11 15 25 29 30 44   18    0
 3 11 15 25 29 30 41   18    0
 3 11 15 25 27 35 44   18    1
 3 11 15 25 27 35 41   18    2
 3 11 15 25 27 30 45   18    0
 3 11 15 25 27 30 44   18    0
 3 11 15 25 27 30 37   18    0
 3 11 15 25 27 30 35   18    1
 3 11 15 25 27 29 30   18    0
 3 11 15 20 27 30 45   18    1
 3 11 15 20 27 29 30   18    1
 3 11 15 20 25 35 44   18    1
 3 11 15 20 25 29 44   18    1
 3 11 15 20 25 29 30   18    1
 3 11 15 18 27 30 44   18    0
 3 11 15 16 37 41 46   18    1
 3 11 15 16 35 41 46   18    1
 3 11 15 16 30 37 41   18    2
 3 11 15 16 30 35 44   18    1
 3 11 15 16 27 30 44   18    2
 3 11 15 16 25 35 44   18    1
 3 11 15 16 25 30 35   18    1
 3 11 15 16 25 29 35   18    1
 3 11 15 16 20 29 44   18    1
 3 11 15 16 20 25 29   18    0
 3 11 13 16 29 41 46   18    0
 3 11 13 15 25 30 35   18    0
 3 11 12 35 41 44 46   18    0
 3 11 12 16 29 41 46   18    1
 3 10 35 41 43 44 46   18    1
 3 10 29 32 35 44 48   18    1
 3 10 28 35 43 44 45   18    1
 3 10 28 35 41 44 46   18    3
 3 10 28 35 37 44 45   18    1
 3 10 28 30 35 44 45   18    1
 3 10 27 31 39 40 44   18    2
 3 10 27 28 35 41 44   18    3
 3 10 23 35 41 44 46   18    1
 3 10 21 35 41 44 46   18    3
 3 10 20 35 41 44 46   18    2
 3 10 20 30 35 44 45   18    1
 3 10 20 21 35 43 44   18    1
 3 10 20 21 35 41 44   18    3
 3 10 20 21 23 44 46   18    0
 3 10 19 35 41 46 47   18    0
 3 10 19 35 41 44 46   18    1
 3 10 17 28 35 41 44   18    2
 3 10 17 20 35 44 45   18    1
 3 10 17 20 28 41 45   18    0
 3 10 17 20 27 30 45   18    0
 3 10 16 35 37 41 44   18    1
 3 10 15 35 39 41 44   18    3
 3 10 15 32 35 41 44   18    1
 3 10 15 30 35 41 44   18    3
 3 10 15 27 39 41 44   18    2
 3 10 15 27 30 35 44   18    2
 3 10 15 27 28 29 41   18    2
 3 10 15 25 35 41 44   18    3
 3 10 15 20 39 41 44   18    1
 3 10 15 20 35 39 44   18    1
 3 10 15 20 29 39 44   18    0
 3 10 15 20 29 31 44   18    1
 3 10 15 20 26 31 44   18    0
 3 10 15 20 25 35 44   18    1
 3 10 15 20 23 35 44   18    0
 3 10 15 19 20 35 44   18    0
 3 10 15 16 35 41 44   18    2
 3 10 15 16 30 35 44   18    0
 3 10 13 15 35 41 44   18    2
 3 10 11 35 44 45 47   18    0
 3 10 11 35 44 45 46   18    0
 3 10 11 35 39 44 45   18    1
 3 10 11 28 35 44 45   18    2
 3 10 11 25 39 40 44   18    0
 3 10 11 20 27 30 43   18    0
 3 10 11 20 27 30 40   18    0
 3 10 11 20 27 29 30   18    0
 3 10 11 19 35 44 45   18    0
 3 10 11 17 20 27 30   18    1
 3 10 11 15 25 35 44   18    1
 3 10 11 15 25 29 44   18    0
 3 10 11 15 20 35 44   18    1
 3 10 11 15 20 29 44   18    1
 3 10 11 15 20 25 44   18    1
 3 10 11 15 16 20 44   18    1
 2  9 17 27 28 35 45   18    3
 2  9 13 26 28 32 45   18    1
 2  9 13 25 35 45 46   18    3
 2  9 13 25 27 35 45   18    1
 2  9 11 17 27 35 45   18    1
 2  9 10 27 35 44 45   18    0
 2  9 10 27 28 35 45   18    3
 2  9 10 17 27 35 45   18    1
 2  8 32 34 42 43 45   18    0
 2  8 32 34 35 43 46   18    2
 2  8 32 34 35 42 43   18    2
28 29 35 41 44 45 48   18    1
28 29 32 41 44 45 48   18    0
28 29 32 35 41 44 48   18    1
 2  8 27 28 32 36 45   18    1
 2  8 27 28 32 35 45   18    2
 2  8 20 32 42 43 45   18    1
 2  8 17 27 32 36 45   18    0
 2  8 17 27 28 36 45   18    0
 2  8 13 32 35 40 46   18    0
 2  8 13 32 34 35 43   18    3
 2  8 11 27 32 36 45   18    0
 2  8 10 28 32 35 45   18    1
 2  8 10 27 32 36 45   18    1
 2  8 10 27 28 32 45   18    2
 2  8 10 17 28 43 45   18    0
27 28 29 32 41 44 48   18    0
 2  7 10 27 36 40 43   18    0
 2  7 10 17 45 46 47   18    0
 2  6 10 27 35 44 45   18    0
 2  6 10 11 27 35 44   18    0
 2  6 10 11 15 27 46   18    0
 2  6 10 11 15 27 41   18    0
 2  6 10 11 15 27 40   18    1
25 29 35 39 41 44 46   18    1
25 29 32 35 41 44 48   18    1
25 28 29 35 41 44 48   18    0
 2  5 11 25 35 43 46   18    1
 2  5 10 27 30 35 45   18    0
24 28 29 35 41 44 48   18    0
 2  3  9 10 27 35 45   18    0
 2  3  8 27 30 34 36   18    1
 2  3  8 11 27 30 34   18    0
 2  3  6 10 11 27 34   18    1
 2  3 34 35 41 43 44   18    0
 2  3 28 34 35 41 44   18    0
 2  3 27 32 35 44 48   18    0
 2  3 27 32 35 41 46   18    1
 2  3 27 32 35 38 45   18    0
 2  3 27 31 35 40 44   18    2
 2  3 27 30 35 44 45   18    1
 2  3 25 34 35 41 43   18    1
 2  3 25 34 35 38 43   18    1
 2  3 25 29 34 35 43   18    0
 2  3 25 27 31 34 35   18    2
 2 32 34 36 42 43 45   18    1
 2 32 34 35 41 43 46   18    1
 2  3 20 25 34 35 43   18    1
 2  3 15 27 35 41 44   18    2
 2  3 15 27 30 35 44   18    1
 2  3 11 30 34 35 45   18    0
 2  3 11 27 32 35 45   18    0
 2  3 11 27 30 34 45   18    0
 2  3 11 27 30 34 40   18    1
 2  3 11 27 29 30 34   18    1
 2  3 11 20 29 30 34   18    2
 2  3 11 15 27 30 34   18    0
 2  3 10 34 35 44 45   18    0
 2  3 10 30 35 44 45   18    0
 2  3 10 28 32 43 45   18    0
 2  3 10 27 35 38 44   18    2
 2  3 10 27 34 35 45   18    1
 2  3 10 27 34 35 44   18    3
 2  3 10 27 32 35 44   18    1
 2  3 10 27 31 40 44   18    1
 2  3 10 27 31 35 44   18    3
 2  3 10 27 28 34 35   18    1
 2  3 10 27 28 32 45   18    1
 2  3 10 27 28 32 35   18    0
 2  3 10 27 28 30 34   18    0
 2  3 10 20 35 43 44   18    0
 2  3 10 20 31 39 44   18    0
 2  3 10 20 27 35 45   18    1
 2  3 10 20 27 31 44   18    2
 2  3 10 17 27 28 34   18    1
 2  3 10 15 27 35 45   18    0
 2  3 10 15 27 35 44   18    2
 2  3 10 11 27 35 44   18    1
 2  3 10 11 22 27 34   18    1
 2 27 28 32 36 43 45   18    1
 2 27 28 30 32 35 45   18    1
 2 26 27 28 32 43 45   18    0
 2 22 26 28 32 43 45   18    1
 2 21 32 34 41 43 46   18    0
 2 20 32 34 35 43 46   18    1
 2 20 27 32 36 43 45   18    0
 2 17 27 35 41 43 46   18    2
 2 17 27 32 36 43 45   18    0
 2 17 27 28 30 35 45   18    2
 2 15 27 35 41 44 45   18    1
 2 15 27 28 32 36 45   18    0
 2 14 27 32 36 43 45   18    0
 2 13 27 30 32 35 46   18    0
 2 13 27 30 32 35 45   18    2
 2 13 17 27 30 32 35   18    0
 2 13 16 32 34 35 46   18    0
 2 13 16 30 32 34 37   18    2
 2 13 16 28 32 44 45   18    0
 2 13 16 22 32 35 45   18    1
21 25 29 35 39 41 44   18    0
 2 11 32 36 38 43 45   18    0
 2 11 32 34 36 43 45   18    1
 2 11 28 32 36 43 45   18    2
 2 11 27 30 32 35 45   18    0
 2 11 20 32 36 43 45   18    1
 2 11 17 32 36 42 45   18    0
 2 11 17 27 35 41 45   18    1
 2 11 14 32 36 43 45   18    0
 2 11 13 17 27 32 45   18    1
 2 11 13 16 27 30 35   18    0
 2 10 32 34 36 43 45   18    0
 2 10 28 32 43 45 47   18    0
 2 10 28 32 38 43 45   18    1
 2 10 28 32 36 43 45   18    1
 2 10 27 36 40 43 45   18    0
 2 10 27 32 40 43 45   18    0
 2 10 27 32 35 44 45   18    0
 2 10 27 31 39 40 44   18    0
 2 10 27 30 35 41 45   18    1
 2 10 27 30 35 38 45   18    0
 2 10 27 30 32 43 45   18    0
 2 10 27 28 35 41 45   18    1
 2 10 27 28 35 38 45   18    1
 2 10 27 28 32 36 45   18    1
 2 10 27 28 32 35 45   18    2
 2 10 26 28 32 43 45   18    1
 2 10 20 27 40 43 44   18    0
 2 10 20 27 39 40 44   18    0
 2 10 20 27 35 43 44   18    1
 2 10 20 27 31 40 44   18    1
 2 10 20 27 31 35 44   18    0
 2 10 19 22 28 35 45   18    0
 2 10 17 32 36 43 45   18    0
 2 10 17 27 28 35 45   18    3
 2 10 17 20 27 35 45   18    2
 2 10 15 27 32 35 45   18    0
 2 10 15 27 30 35 45   18    1
 2 10 14 28 32 43 45   18    1
 2 10 13 28 32 45 47   18    1
 2 10 13 28 32 43 45   18    2
 2 10 13 28 30 32 45   18    1
 2 10 13 27 28 32 45   18    1
 2 10 13 22 28 35 45   18    1
 2 10 13 16 28 32 45   18    0
 2 10 11 17 28 43 45   18    2
 2 10 11 17 28 35 45   18    3
 2 10 11 17 20 28 45   18    3
 2 10 11 14 17 28 45   18    2
20 29 41 42 43 44 46   18    0
19 20 35 41 43 46 48   18    1
19 20 35 39 41 43 46   18    0
19 20 23 35 41 43 46   18    0
19 20 21 41 43 46 48   18    0
 1  9 17 28 41 45 46   18    2
 1  9 17 27 35 41 45   18    0
 1  9 15 29 41 43 46   18    2
 1  9 15 28 35 44 45   18    2
 1  9 13 25 45 46 47   18    1
 1  9 13 25 32 35 45   18    1
 1  9 13 16 32 35 45   18    0
 1  9 13 15 23 41 46   18    0
 1  9 11 23 29 43 46   18    0
 1  8  9 13 29 39 42   18    2
 1  8 25 29 33 39 42   18    2
 1  8 13 15 16 22 29   18    0
17 35 39 41 45 46 47   18    2
17 32 35 41 45 46 47   18    1
17 28 35 41 43 45 46   18    2
 1  7 25 29 31 46 47   18    1
17 20 35 41 45 46 47   18    0
17 19 28 35 41 46 47   18    0
 1  7 11 33 41 45 46   18    1
 1  7 11 33 40 45 46   18    1
 1  7 11 29 33 43 46   18    1
 1  7 11 27 33 40 46   18    3
 1  7 11 25 29 40 46   18    0
 1  7 11 23 27 33 40   18    2
 1  7 11 20 33 43 45   18    1
 1  7 11 17 27 33 40   18    3
 1  7 11 16 27 40 46   18    0
 1  7 10 11 27 33 40   18    2
16 21 35 39 41 44 46   18    1
16 21 25 29 35 41 44   18    1
 1  5  9 29 41 43 46   18    1
 1  5  7 11 25 40 46   18    0
15 35 39 41 44 45 46   18    1
15 28 35 39 41 44 46   18    1
15 28 29 35 41 45 46   18    1
15 28 29 35 41 44 45   18    3
15 28 29 35 39 41 45   18    0
15 28 29 35 39 41 44   18    2
15 27 28 35 41 44 45   18    2
15 27 28 29 35 41 45   18    1
15 25 35 37 40 41 44   18    0
15 25 28 29 35 41 44   18    3
15 23 35 39 41 44 46   18    0
15 22 29 32 35 44 48   18    2
15 22 28 29 41 44 48   18    2
15 22 27 28 35 44 45   18    0
15 21 35 39 41 44 46   18    1
15 21 27 35 37 41 44   18    1
15 21 25 27 35 41 44   18    0
15 18 30 32 35 41 44   18    0
15 18 25 29 32 44 48   18    1
15 18 25 29 32 35 44   18    2
15 17 35 41 45 46 47   18    1
15 17 28 41 45 46 47   18    1
15 17 28 41 44 46 47   18    0
15 17 28 35 41 46 47   18    0
15 17 28 29 35 41 46   18    1
15 16 30 35 37 41 44   18    2
15 16 28 29 41 44 48   18    2
15 16 28 29 39 41 44   18    2
15 16 28 29 35 41 45   18    1
15 16 27 37 39 41 44   18    1
15 16 27 30 32 36 45   18    0
15 16 27 29 37 41 44   18    1
15 16 25 35 37 41 44   18    2
15 16 22 29 37 41 44   18    1
15 16 22 29 35 37 48   18    0
15 16 18 29 32 44 48   18    2
 1  5 15 25 28 29 44   18    1
 1  5 11 25 40 43 46   18    1
 1  4  9 13 25 35 45   18    2
 1  4  9 13 24 25 35   18    1
 1  4  9 13 23 25 31   18    1
 1  4  9 13 23 24 25   18    0
 1  4  7 11 25 40 46   18    0
 1  4 25 33 35 41 43   18    2
 1  4 25 33 35 40 43   18    1
 1  4 13 25 33 35 46   18    1
 1  4 13 25 33 35 40   18    0
 1  4 13 22 25 29 35   18    2
 1  4 13 15 25 29 35   18    2
 1  4 11 18 25 35 46   18    2
 1  3  9 35 41 46 47   18    2
 1  3  9 13 33 35 41   18    0
 1  3  8 13 15 16 29   18    0
 1  3  7 11 33 41 46   18    2
 1  3  7 11 27 33 40   18    3
 1  3  7 11 25 41 46   18    2
 1  3  6 11 16 25 43   18    0
 1  3  5 25 41 43 46   18    1
 1  3  4  6 13 15 29   18    0
 1  3 35 40 41 46 47   18    1
 1  3 33 41 45 46 47   18    1
 1  3 33 35 41 46 47   18    1
 1  3 33 35 41 43 46   18    2
 1  3 33 35 40 41 46   18    0
 1  3 32 35 41 46 47   18    1
 1  3 29 35 41 44 46   18    1
13 29 33 35 42 46 48   18    0
 1  3 29 33 35 41 43   18    1
 1  3 29 32 35 44 48   18    2
13 29 31 32 35 44 48   18    2
13 28 30 35 41 45 48   18    0
13 28 29 35 41 45 48   18    1
 1  3 28 29 35 41 44   18    1
 1  3 27 32 35 41 46   18    1
 1  3 25 39 41 42 46   18    1
 1  3 25 35 40 41 46   18    3
 1  3 25 35 39 46 47   18    3
 1  3 25 35 38 39 46   18    1
 1  3 25 34 41 43 46   18    3
 1  3 25 33 41 43 46   18    2
 1  3 25 33 35 41 43   18    3
 1  3 25 29 41 43 46   18    2
 1  3 25 29 35 44 48   18    2
 1  3 25 29 35 41 44   18    3
 1  3 25 27 40 41 46   18    0
 1  3 25 27 31 33 35   18    2
 1  3 25 27 29 31 35   18    2
 1  3 24 33 35 41 43   18    0
 1  3 23 33 35 41 46   18    0
13 23 29 33 42 43 46   18    1
13 23 29 33 35 46 48   18    3
 1  3 23 25 33 41 46   18    1
 1  3 22 35 41 46 47   18    1
 1  3 22 35 41 44 48   18    1
 1  3 22 32 35 41 46   18    0
 1  3 21 35 37 41 46   18    1
 1  3 21 33 35 41 46   18    1
 1  3 21 33 35 41 43   18    0
 1  3 21 25 35 38 43   18    1
 1  3 21 22 35 41 43   18    0
 1  3 21 22 25 35 41   18    2
 1  3 21 22 25 35 38   18    2
13 19 35 41 45 46 47   18    1
13 19 20 35 41 43 46   18    1
 1  3 18 29 35 41 46   18    0
13 18 29 32 40 44 48   18    1
 1  3 17 32 35 41 46   18    1
 1  3 16 35 37 41 44   18    1
13 16 29 37 40 41 46   18    0
13 16 29 32 37 41 48   18    0
13 16 29 32 37 41 46   18    0
13 16 29 32 35 44 48   18    2
13 16 29 31 35 39 44   18    0
13 16 29 30 37 41 46   18    1
13 16 29 30 32 39 44   18    1
13 16 28 29 37 41 46   18    1
13 16 18 29 37 41 46   18    0
 1  3 15 35 41 46 47   18    1
 1  3 15 35 41 44 48   18    2
 1  3 15 35 40 41 44   18    2
 1  3 15 35 37 41 44   18    1
 1  3 15 32 35 41 46   18    0
13 15 30 32 35 41 44   18    0
13 15 29 35 45 46 48   18    0
13 15 29 35 41 46 48   18    1
 1  3 15 29 35 41 46   18    1
13 15 29 35 41 45 48   18    0
13 15 29 33 35 46 48   18    0
13 15 28 35 41 44 45   18    1
13 15 28 29 41 44 48   18    3
13 15 28 29 35 45 48   18    1
13 15 28 29 35 45 46   18    0
13 15 28 29 35 41 48   18    1
 1  3 15 27 35 41 46   18    1
 1  3 15 27 30 35 44   18    2
13 15 27 28 32 36 45   18    0
13 15 23 29 35 46 48   18    2
13 15 23 29 33 35 46   18    1
 1  3 15 22 35 44 45   18    1
 1  3 15 22 35 41 44   18    2
 1  3 15 22 27 35 44   18    2
 1  3 15 21 35 41 46   18    1
 1  3 15 21 35 41 44   18    2
13 15 18 25 29 32 44   18    0
 1  3 15 17 35 41 46   18    1
 1  3 15 16 35 41 46   18    1
 1  3 15 16 35 41 44   18    3
13 15 16 29 35 41 48   18    1
13 15 16 29 35 37 48   18    1
13 15 16 29 32 44 48   18    2
13 15 16 29 32 35 48   18    1
 1  3 15 16 29 30 41   18    1
 1  3 15 16 29 30 35   18    1
13 15 16 26 29 37 48   18    0
13 15 16 24 29 35 48   18    0
13 15 16 22 29 37 41   18    2
13 15 16 22 29 35 37   18    1
13 15 16 19 29 35 48   18    0
 1  3 13 33 35 41 46   18    1
 1  3 13 16 27 30 33   18    0
 1  3 12 13 15 16 29   18    0
 1  3 11 35 41 46 47   18    2
 1  3 11 35 41 44 46   18    1
 1  3 11 33 35 41 46   18    1
 1  3 11 32 35 41 46   18    0
 1  3 11 25 40 41 46   18    2
 1  3 11 25 31 35 40   18    1
 1  3 11 25 27 31 35   18    1
 1  3 11 22 35 41 46   18    1
 1  3 11 20 25 29 30   18    1
 1  3 11 15 16 30 41   18    1
 1  3 11 15 16 25 41   18    1
 1  3 11 15 16 25 30   18    2
 1  3 10 15 35 41 44   18    3
 1  3 10 15 20 44 47   18    0
 1  3 10 15 20 35 44   18    2
 1  3 10 11 15 20 44   18    1
 1 29 33 35 41 43 44   18    0
 1  2  7 11 33 40 45   18    1
 1 25 31 33 35 40 43   18    1
 1 25 29 33 39 46 47   18    0
 1 25 29 31 33 46 47   18    1
 1 25 27 33 35 41 43   18    0
 1  2  3 20 27 33 35   18    1
12 17 28 34 41 43 46   18    0
12 13 16 29 41 46 48   18    0
12 13 16 29 37 41 46   18    3
12 13 16 29 30 41 46   18    0
12 13 15 16 30 34 37   18    2
 1 17 32 35 39 41 46   18    1
 1 17 28 35 41 45 46   18    2
 1 17 25 35 43 45 46   18    1
 1 17 25 33 35 45 46   18    1
 1 15 27 35 41 44 45   18    1
 1 15 25 40 44 46 47   18    0
 1 15 25 40 43 46 47   18    1
 1 15 25 28 29 41 44   18    2
 1 15 22 32 35 44 45   18    1
 1 15 22 28 35 44 45   18    0
 1 15 18 25 29 32 44   18    2
 1 15 17 32 35 41 46   18    0
 1 15 17 32 35 40 46   18    0
 1 15 17 25 45 46 47   18    1
 1 15 16 29 33 35 43   18    1
 1 13 33 39 45 46 47   18    1
 1 13 29 33 35 46 48   18    2
 1 13 29 33 35 42 46   18    2
 1 13 29 32 35 44 48   18    2
 1 13 25 39 42 46 47   18    0
 1 13 25 35 45 46 47   18    2
 1 13 25 33 45 46 47   18    1
 1 13 25 33 35 40 43   18    1
 1 13 25 29 42 46 47   18    1
 1 13 25 29 33 46 47   18    1
 1 13 23 29 33 35 46   18    1
 1 13 16 29 32 37 41   18    0
 1 13 15 16 22 29 37   18    0
11 25 39 40 41 44 46   18    0
11 25 29 35 40 43 46   18    0
 1 12 13 15 16 22 29   18    0
11 20 23 29 42 43 46   18    1
11 17 40 41 44 46 47   18    0
11 17 28 41 44 46 47   18    0
11 17 28 40 41 45 46   18    0
11 17 27 33 40 41 46   18    1
11 17 20 40 41 46 47   18    0
11 17 20 28 41 46 47   18    0
11 16 37 39 41 44 46   18    0
11 16 30 35 37 41 44   18    1
11 16 29 33 37 41 46   18    1
11 16 27 30 32 44 45   18    0
11 16 27 30 32 34 44   18    0
11 16 20 23 42 43 46   18    0
11 16 17 29 40 41 46   18    0
11 15 29 35 41 43 46   18    1
11 15 29 35 37 41 46   18    0
11 15 29 30 35 41 46   18    0
11 15 25 35 40 41 44   18    1
11 15 25 33 35 45 46   18    0
11 15 25 29 40 43 46   18    2
11 15 25 29 40 41 46   18    2
11 15 25 29 35 45 46   18    1
11 15 25 29 35 40 41   18    1
11 15 22 23 29 41 43   18    0
11 15 20 27 28 40 44   18    0
11 15 19 29 41 46 47   18    0
11 15 19 25 35 45 46   18    0
11 15 17 29 41 46 47   18    0
11 15 17 20 27 28 45   18    1
11 15 16 35 37 39 44   18    0
11 15 16 30 35 41 46   18    0
11 15 16 30 35 37 41   18    2
11 15 16 27 30 39 40   18    0
11 15 16 25 37 41 46   18    0
11 15 16 25 30 40 44   18    0
11 15 16 17 41 46 47   18    1
11 15 16 17 37 41 46   18    1
11 15 16 17 30 41 46   18    0
11 15 16 17 30 40 44   18    0
11 14 20 23 42 43 46   18    0
11 13 25 29 40 43 46   18    0
11 13 16 29 33 41 46   18    0
11 13 15 29 41 46 47   18    0
 1 11 25 35 40 43 46   18    1
 1 11 25 35 40 41 46   18    1
 1 11 25 33 35 45 46   18    1
 1 11 25 33 35 43 46   18    1
 1 11 25 29 35 40 46   18    1
11 12 16 17 29 41 46   18    0
11 12 13 16 29 33 46   18    1
11 12 13 16 23 29 46   18    0
 1 11 20 33 43 45 46   18    1
 1 11 20 23 33 43 46   18    0
 1 11 18 25 35 43 46   18    1
 1 11 18 25 35 40 46   18    0
 1 11 18 25 29 35 46   18    1
 1 11 17 28 41 45 46   18    0
 1 11 17 20 33 40 46   18    0
 1 11 15 25 29 40 44   18    2
 1 11 15 25 29 35 46   18    1
 1 11 13 25 33 35 42   18    0
 1 10 25 27 29 33 40   18    0
10 28 35 41 44 45 46   18    0
10 28 35 39 41 44 45   18    0
10 28 30 35 41 44 45   18    0
10 22 28 35 41 44 45   18    0
10 19 28 32 45 46 47   18    0
10 19 26 28 44 45 47   18    0
10 19 22 28 35 44 45   18    0
10 17 28 41 44 45 46   18    0
10 17 20 28 45 46 47   18    2
10 15 35 39 41 44 46   18    1
10 15 28 35 41 44 45   18    2
10 15 28 29 39 41 44   18    3
10 15 22 28 35 44 45   18    1
10 15 22 27 35 44 45   18    0
10 15 20 29 30 44 45   18    0
10 15 20 27 30 44 45   18    1
10 15 20 27 29 44 45   18    1
10 15 17 20 27 28 45   18    3
10 14 28 35 41 44 45   18    0
10 13 15 30 35 41 44   18    0
10 11 19 28 44 45 47   18    2
10 11 17 28 41 46 47   18    0
10 11 17 20 27 30 45   18    3
10 11 17 20 27 28 45   18    3
10 11 15 27 29 40 44   18    0
10 11 15 20 29 44 46   18    2
10 11 15 20 28 30 45   18    2
10 11 15 17 20 28 45   18    4
10 11 15 16 27 40 44   18    0
10 11 14 17 27 36 45   18    1
10 11 14 15 17 27 45   18    1
 3 21 25 35 39 41 46   16    6
 3 11 25 35 39 41 46   16    6
 1  3 25 35 41 46 47   16    6
 3 25 35 39 41 46 47   15    6
 9 15 17 28 35 41 45   14    6
 7 10 11 17 20 36 45   14    6
 7 10 11 17 20 33 45   14    6
 7 10 11 17 20 27 33   14    6
 7 10 11 17 19 20 45   14    6
 6 16 29 34 37 41 43   14    6
 6 12 16 29 37 41 43   14    6
 5 15 16 18 29 32 44   14    6
 3 25 35 39 41 44 46   14    6
 2 10 11 17 28 32 45   14    6
 1  4 25 35 41 43 46   14    6
 1  3  4 25 29 35 38   14    6
 1  3  4 22 25 29 35   14    6
 1  3 13 25 29 33 35   14    6
 9 15 17 28 29 35 45   13    6
 9 15 17 27 28 35 45   13    6
 8 13 16 32 39 40 42   13    6
 7 10 11 17 20 43 45   13    6
 6 12 13 16 29 37 41   13    6
 5  8 15 16 29 39 44   13    6
 5 15 16 18 25 29 44   13    6
 5 11 16 18 25 30 37   13    6
 5 11 15 18 36 40 46   13    6
 5 11 15 18 23 25 40   13    6
 3  6 15 27 30 41 44   13    6
 3 17 25 35 39 41 46   13    6
 3 15 20 27 30 41 44   13    6
 3 13 21 35 39 41 46   13    6
 2  8 13 32 35 36 43   13    6
 2  8 13 27 32 36 43   13    6
 2  7 10 11 17 20 27   13    6
 2 13 17 32 35 45 46   13    6
15 25 29 31 35 41 44   13    6
 1  3  4 15 25 29 35   13    6
 1  3 25 29 33 35 41   13    6
 1  3 25 29 31 33 35   13    6
 1  3 18 25 29 33 35   13    6
 1  3 11 15 18 25 29   13    6
12 16 29 34 37 41 43   13    6
10 11 17 20 28 43 45   13    6
10 11 15 17 20 36 45   13    6
 9 10 15 27 28 45 47   12    6
 8 20 32 36 38 42 43   12    6
 8 13 16 29 30 32 37   12    6
 8 12 13 16 33 39 42   12    6
 8 11 12 13 16 30 37   12    6
 6 12 16 29 34 37 41   12    6
 5  6 15 16 18 32 44   12    6
 5 11 18 23 25 27 40   12    6
 5 11 16 18 25 30 43   12    6
 5 11 15 18 29 36 44   12    6
 4  5 11 15 18 23 40   12    6
 3  9 15 30 35 41 45   12    6
 3  9 15 25 30 35 41   12    6
 3  6 10 15 20 27 44   12    6
 3  4  6 11 18 25 35   12    6
 3  4 13 22 28 29 48   12    6
 3  4 11 18 25 31 35   12    6
 3 27 28 30 39 41 44   12    6
 3 25 31 35 38 39 41   12    6
 3 25 27 31 35 38 41   12    6
 3 20 30 31 35 39 44   12    6
 3 13 23 28 29 46 48   12    6
 3 10 27 31 35 39 44   12    6
 2  8 13 32 36 43 45   12    6
 2 27 32 34 35 43 45   12    6
 2 13 17 28 35 45 46   12    6
21 25 34 41 43 46 47   12    6
 1  3  5 15 18 25 44   12    6
 1  3  4  6 25 29 35   12    6
 1  3  4 25 29 35 48   12    6
 1  3  4 24 25 29 35   12    6
 1  3  4 21 25 29 35   12    6
 1  3  4 18 25 29 35   12    6
 1  3  4 11 25 33 35   12    6
 1  3  4 11 25 29 35   12    7
 1  3  4 11 15 25 35   12    6
 1  3 25 29 33 35 43   12    6
 1  3 25 29 33 35 42   12    6
 1  3 18 25 29 31 33   12    6
 1  3 15 25 30 35 41   12    6
 1  3 11 18 25 33 35   12    6
 1  3 11 15 18 25 46   12    6
 1  3 11 15 18 25 35   12    6
 1  3 11 15 18 25 31   12    6
 1  2  3  4 25 35 43   12    6
12 13 16 29 30 32 37   12    6
 1 17 20 43 45 46 47   12    6
11 15 16 29 41 43 46   12    6
 1 11 25 29 31 33 35   12    6
11 12 13 16 18 30 37   12    6
 9 15 17 19 35 45 47   11    6
 9 10 13 28 35 45 48   11    6
 8  9 12 13 16 33 39   11    6
 8 20 30 32 36 42 43   11    6
 8 13 30 31 32 36 40   11    6
 8 13 27 30 32 36 40   11    6
 8 13 16 30 32 36 43   11    6
 8 12 13 16 30 32 37   11    6
 8 12 13 16 18 30 37   11    6
 6 13 15 16 18 27 32   11    6
 5  6 13 15 18 29 41   11    6
 5 15 16 18 32 41 44   11    6
 5 11 15 16 18 41 44   11    6
 5 11 12 15 18 36 44   11    6
 4  9 13 23 29 35 48   11    6
 4  9 13 15 28 29 45   11    6
 3  9 15 17 30 35 41   11    6
 3  8 20 30 35 39 42   11    6
 3  6  9 15 27 30 32   11    6
 3  5 11 15 18 36 44   11    6
 3 25 27 30 31 35 41   11    6
 3 20 27 30 39 41 44   11    6
 3 11 16 29 30 33 34   11    6
 2  8 13 32 35 42 43   11    6
 2  8 13 30 32 36 43   11    6
 2  7 13 25 35 45 46   11    6
 2  5 11 32 36 40 43   11    6
 2  3 22 27 34 35 38   11    6
 2 13 32 36 43 45 46   11    6
 2 10 11 15 17 20 27   11    6
 2 10 11 14 19 27 45   11    6
17 21 28 35 39 41 46   11    6
15 24 25 29 31 35 44   11    6
 1  4 25 34 43 46 47   11    6
 1  3  4  7 25 29 35   11    6
 1  3  4 25 29 33 35   11    8
 1  3  4 25 29 31 33   11    6
 1  3  4 15 22 25 29   11    6
 1  3 25 29 33 35 47   11    6
 1  3 25 29 33 35 45   11    6
 1  3 21 34 41 46 47   11    6
13 17 21 28 39 41 46   11    6
 1  3 13 29 31 44 48   11    6
 1  3 11 18 25 33 47   11    6
 1  3 11 18 25 33 46   11    6
 1  3 11 18 25 33 34   11    6
 1  3 11 15 25 29 47   11    6
 1  2 13 32 36 43 45   11    6
12 13 16 18 29 30 37   11    6
 1 13 25 29 31 35 48   11    6
11 16 29 41 42 43 46   11    6
11 16 20 29 30 39 42   11    6
10 11 14 17 19 20 45   11    6
 9 24 25 29 31 35 44   10    6
 9 15 17 22 35 45 47   10    6
 8  9 12 13 16 38 39   10    6
 8  9 12 13 16 37 39   10    6
 8  9 12 13 16 21 39   10    6
 8 16 29 39 41 42 44   10    6
 8 16 29 34 37 41 43   10    6
 8 13 16 32 36 40 42   10    6
 8 12 13 16 37 38 39   10    6
 8 11 16 20 29 30 39   10    6
 7 11 13 16 18 30 37   10    6
 6  8 12 13 16 37 41   10    6
 6 15 16 32 37 41 44   10    6
 5 23 25 32 36 40 43   10    6
 5 15 16 18 25 41 44   10    6
 5 13 15 18 36 40 43   10    6
 5 11 28 32 36 40 43   10    6
 5 11 18 23 25 39 44   10    6
 5 11 13 23 36 40 42   10    6
 5 11 13 15 18 36 44   10    6
 4  5 25 32 40 42 43   10    6
 4  5 25 32 36 40 43   10    6
 3  6 15 27 30 32 41   10    7
 3  5 25 31 35 38 41   10    6
 3  4  5 11 18 23 25   10    6
 3 30 31 35 38 39 44   10    6
 3 25 31 33 35 38 41   10    6
 3 25 30 31 35 38 41   10    6
 3 25 29 31 35 38 41   10    6
 3 24 25 31 35 38 41   10    6
 3 21 28 41 43 46 47   10    6
 3 21 28 34 41 46 47   10    6
 3 21 27 28 39 41 46   10    6
 3 20 27 28 30 39 41   10    6
 3 16 21 28 41 46 47   10    6
 3 14 17 35 39 41 46   10    6
 3 13 23 28 29 41 48   10    6
 3 13 21 23 28 29 48   10    6
 3 13 15 22 28 29 48   10    6
 3 12 13 16 29 30 37   10    6
 3 11 25 31 35 38 41   10    6
 3 10 27 28 30 39 41   10    6
 3 10 25 27 31 35 41   10    6
 3 10 15 20 27 30 41   10    6
 2  7 13 35 39 45 46   10    6
 2  7 13 32 43 45 46   10    6
 2  7 13 26 33 45 47   10    6
 2  7 13 25 43 45 46   10    6
 2  6 10 11 17 27 45   10    6
 2  5 10 11 28 32 45   10    6
 2  5 10 11 27 32 45   10    6
 2  3 20 22 27 34 35   10    6
 2 27 28 34 35 43 45   10    6
 2 17 27 34 35 43 45   10    6
 2 13 32 40 43 45 46   10    6
 2 10 11 28 32 45 46   10    6
 2 10 11 17 27 42 45   10    6
 2 10 11 17 20 21 27   10    6
17 21 28 32 39 41 46   10    6
 1  3  4 25 29 35 37   10    6
 1  3  4 15 21 25 35   10    6
 1  3 23 25 29 33 35   10    6
13 15 22 28 29 45 48   10    6
 1  3 11 18 33 34 47   10    6
 1  3 11 18 25 31 33   10    6
 1  3 11 18 22 25 31   10    6
 1  3 11 15 18 25 33   10    6
 1 25 29 31 35 43 46   10    6
 1  2 27 33 35 42 43   10    6
12 16 28 29 39 41 46   10    6
11 12 13 16 18 30 33   10    6
 1 11 13 22 23 29 48   10    6
 1 10 17 20 44 46 47   10    6
 9 21 27 28 39 41 46    9    6
 9 13 26 28 29 45 47    9    6
 8 30 31 32 36 40 42    9    6
 8 13 27 32 36 40 42    9    6
 8 13 16 31 32 36 40    9    6
 8 12 13 15 16 18 37    9    6
 8 11 15 23 39 40 44    9    6
 7 11 16 30 34 37 41    9    6
 7 10 17 20 44 46 47    9    6
 5  8 11 32 36 42 43    9    6
 5 18 30 32 36 40 43    9    6
 5 13 15 18 32 36 40    9    7
 5 11 18 25 30 37 43    9    6
 5 11 18 25 27 40 43    9    6
 4  5 11 18 23 25 47    9    6
 4  5 11 18 23 25 37    9    6
 4  5 11 18 23 25 35    9    6
 4 11 13 22 23 29 33    9    6
 3  6 15 27 30 32 35    9    6
 3 27 28 30 38 39 41    9    6
 3 27 28 30 35 39 41    9    6
 3 25 30 31 35 39 41    9    6
 3 23 30 31 35 39 44    9    6
 3 21 28 37 41 46 47    9    6
 3 20 27 30 35 39 44    9    6
 3 20 25 27 35 41 44    9    6
 3 18 25 31 35 38 41    9    6
 3 15 20 27 30 31 41    9    6
 3 10 25 30 31 35 41    9    6
 2  8 10 20 35 43 45    9    6
 2  5  9 17 28 32 45    9    6
 2  4  7 13 43 45 46    9    6
 1  9 17 28 29 35 45    9    6
17 21 28 38 39 41 46    9    6
 1  7 17 21 41 46 47    9    6
15 16 21 29 41 46 47    9    6
 1  5 11 18 25 34 47    9    6
 1  4  5 11 18 23 25    9    6
14 24 25 29 31 35 44    9    6
 1  3  6 11 18 25 33    9    6
 1  3  5 15 18 25 35    9    6
 1  3  5 11 18 25 33    9    6
 1  3  4 15 25 35 43    9    6
 1  3 11 25 31 33 47    9    6
 1  3 11 18 25 33 44    9    6
 1  2 27 33 34 35 43    9    6
 1  2 13 32 42 43 45    9    6
 1  2 13 30 32 43 45    9    6
 1 13 22 23 29 34 48    9    6
 1 13 22 23 29 33 48    9    6
11 16 22 23 29 31 33    9    6
 1 11 22 23 31 33 48    9    6
11 12 16 18 30 33 37    9    6
 8 14 32 36 38 40 43    8    6
 8 13 31 32 36 40 42    8    6
 8 13 25 30 32 40 43    8    6
 8 12 13 32 33 37 39    8    6
 7 11 16 30 37 41 47    8    6
 7 11 16 18 30 37 40    8    6
 5 11 28 32 36 42 43    8    6
 5 11 13 23 32 36 42    8    6
 4  9 15 25 35 37 45    8    6
 4  5 11 18 21 23 25    8    6
 3  6 15 16 34 37 41    8    6
 3 25 30 31 32 35 41    8    6
 3 22 25 30 31 35 41    8    6
 2 27 34 35 40 43 45    8    6
 2 22 27 34 35 43 45    8    6
 2 22 27 28 32 34 35    8    6
21 27 28 30 39 41 46    8    6
 1  3  7 11 16 20 33    8    6
 1  3  4 15 25 35 37    8    6
 1  3 13 22 23 29 48    8    7
 1  2 27 34 35 43 45    8    6
 1  2 13 27 34 35 43    8    6
 1 13 22 23 29 30 48    8    6
11 17 21 28 39 41 46    8    6
11 15 32 36 40 42 46    8    6
11 13 16 18 30 33 37    8    7
 1 11 16 23 29 30 33    8    6
 4  5  9 23 39 40 44    7    6
 3  6 15 27 30 32 39    7    6
 3  6 15 27 28 30 32    7    6
 3  4 22 30 35 38 41    7    6
 3  4 22 23 31 38 48    7    6
 3 27 28 30 33 39 41    7    6
 3 15 27 28 31 39 41    7    6
 2 17 21 28 39 41 46    7    6
14 31 32 36 38 40 43    7    6
 1  3  4 15 25 35 42    7    6
11 18 22 23 29 31 33    7    6
 1 11 22 23 29 31 33    7    6
 1  8 31 32 36 40 42    6    6
 1  3  7 11 16 26 33    6    6
 1  3  7 11 16 21 33    6    6
